from_node_id,to_node_id,flying_time_cost,time_stamp
0,1,1,0
0,13,0,0
1,2,1,0
1,3,1,0
1,4,1,0
1,5,2,0
1,6,2,0
1,7,2,0
1,8,1,0
1,9,1,0
1,13,1,0
2,1,1,0
2,3,1,0
2,4,2,0
2,5,2,0
2,6,2,0
2,7,2,0
2,8,2,0
2,9,2,0
3,1,1,0
3,2,1,0
3,4,1,0
3,5,2,0
3,6,2,0
3,7,2,0
3,8,2,0
3,9,2,0
3,10,1,0
4,1,1,0
4,2,2,0
4,3,1,0
4,5,1,0
4,6,1,0
4,7,2,0
4,8,2,0
4,9,1,0
5,1,2,0
5,2,2,0
5,3,2,0
5,4,1,0
5,6,1,0
5,7,1,0
5,8,2,0
5,9,1,0
6,1,2,0
6,2,2,0
6,3,2,0
6,4,1,0
6,5,1,0
6,7,1,0
6,8,1,0
6,9,1,0
6,11,1,0
7,1,2,0
7,2,2,0
7,3,2,0
7,4,2,0
7,5,1,0
7,6,1,0
7,8,1,0
7,9,1,0
8,1,1,0
8,2,2,0
8,3,2,0
8,4,2,0
8,5,2,0
8,6,1,0
8,7,1,0
8,9,1,0
8,12,1,0
9,1,1,0
9,2,2,0
9,3,2,0
9,4,1,0
9,5,1,0
9,6,1,0
9,7,1,0
9,8,1,0
10,3,1,0
11,6,1,0
12,8,1,0
0,1,1,1
0,13,0,1
1,2,1,1
1,3,1,1
1,4,1,1
1,5,2,1
1,6,2,1
1,7,2,1
1,8,1,1
1,9,1,1
1,13,1,1
2,1,1,1
2,3,1,1
2,4,2,1
2,5,2,1
2,6,2,1
2,7,2,1
2,8,2,1
2,9,2,1
3,1,1,1
3,2,1,1
3,4,1,1
3,5,2,1
3,6,2,1
3,7,2,1
3,8,2,1
3,9,2,1
3,10,1,1
4,1,1,1
4,2,2,1
4,3,1,1
4,5,1,1
4,6,1,1
4,7,2,1
4,8,2,1
4,9,1,1
5,1,2,1
5,2,2,1
5,3,2,1
5,4,1,1
5,6,1,1
5,7,1,1
5,8,2,1
5,9,1,1
6,1,2,1
6,2,2,1
6,3,2,1
6,4,1,1
6,5,1,1
6,7,1,1
6,8,1,1
6,9,1,1
6,11,1,1
7,1,2,1
7,2,2,1
7,3,2,1
7,4,2,1
7,5,1,1
7,6,1,1
7,8,1,1
7,9,1,1
8,1,1,1
8,2,2,1
8,3,2,1
8,4,2,1
8,5,2,1
8,6,1,1
8,7,1,1
8,9,1,1
8,12,1,1
9,1,1,1
9,2,2,1
9,3,2,1
9,4,1,1
9,5,1,1
9,6,1,1
9,7,1,1
9,8,1,1
10,3,1,1
11,6,1,1
12,8,1,1
0,1,1,2
0,13,0,2
1,2,1,2
1,3,1,2
1,4,1,2
1,5,2,2
1,6,2,2
1,7,2,2
1,8,1,2
1,9,1,2
1,13,1,2
2,1,1,2
2,3,1,2
2,4,2,2
2,5,2,2
2,6,2,2
2,7,2,2
2,8,2,2
2,9,2,2
3,1,1,2
3,2,1,2
3,4,1,2
3,5,2,2
3,6,2,2
3,7,2,2
3,8,2,2
3,9,2,2
3,10,1,2
4,1,1,2
4,2,2,2
4,3,1,2
4,5,1,2
4,6,1,2
4,7,2,2
4,8,2,2
4,9,1,2
5,1,2,2
5,2,2,2
5,3,2,2
5,4,1,2
5,6,1,2
5,7,1,2
5,8,2,2
5,9,1,2
6,1,2,2
6,2,2,2
6,3,2,2
6,4,1,2
6,5,1,2
6,7,1,2
6,8,1,2
6,9,1,2
6,11,1,2
7,1,2,2
7,2,2,2
7,3,2,2
7,4,2,2
7,5,1,2
7,6,1,2
7,8,1,2
7,9,1,2
8,1,1,2
8,2,2,2
8,3,2,2
8,4,2,2
8,5,2,2
8,6,1,2
8,7,1,2
8,9,1,2
8,12,1,2
9,1,1,2
9,2,2,2
9,3,2,2
9,4,1,2
9,5,1,2
9,6,1,2
9,7,1,2
9,8,1,2
10,3,1,2
11,6,1,2
12,8,1,2
0,1,1,3
0,13,0,3
1,2,1,3
1,3,1,3
1,4,1,3
1,5,2,3
1,6,2,3
1,7,2,3
1,8,1,3
1,9,1,3
1,13,1,3
2,1,1,3
2,3,1,3
2,4,2,3
2,5,2,3
2,6,2,3
2,7,2,3
2,8,2,3
2,9,2,3
3,1,1,3
3,2,1,3
3,4,1,3
3,5,2,3
3,6,2,3
3,7,2,3
3,8,2,3
3,9,2,3
3,10,1,3
4,1,1,3
4,2,2,3
4,3,1,3
4,5,1,3
4,6,1,3
4,7,2,3
4,8,2,3
4,9,1,3
5,1,2,3
5,2,2,3
5,3,2,3
5,4,1,3
5,6,1,3
5,7,1,3
5,8,2,3
5,9,1,3
6,1,2,3
6,2,2,3
6,3,2,3
6,4,1,3
6,5,1,3
6,7,1,3
6,8,1,3
6,9,1,3
6,11,1,3
7,1,2,3
7,2,2,3
7,3,2,3
7,4,2,3
7,5,1,3
7,6,1,3
7,8,1,3
7,9,1,3
8,1,1,3
8,2,2,3
8,3,2,3
8,4,2,3
8,5,2,3
8,6,1,3
8,7,1,3
8,9,1,3
8,12,1,3
9,1,1,3
9,2,2,3
9,3,2,3
9,4,1,3
9,5,1,3
9,6,1,3
9,7,1,3
9,8,1,3
10,3,1,3
11,6,1,3
12,8,1,3
0,1,1,4
0,13,0,4
1,2,1,4
1,3,1,4
1,4,1,4
1,5,2,4
1,6,2,4
1,7,2,4
1,8,1,4
1,9,1,4
1,13,1,4
2,1,1,4
2,3,1,4
2,4,2,4
2,5,2,4
2,6,2,4
2,7,2,4
2,8,2,4
2,9,2,4
3,1,1,4
3,2,1,4
3,4,1,4
3,5,2,4
3,6,2,4
3,7,2,4
3,8,2,4
3,9,2,4
3,10,1,4
4,1,1,4
4,2,2,4
4,3,1,4
4,5,1,4
4,6,1,4
4,7,2,4
4,8,2,4
4,9,1,4
5,1,2,4
5,2,2,4
5,3,2,4
5,4,1,4
5,6,1,4
5,7,1,4
5,8,2,4
5,9,1,4
6,1,2,4
6,2,2,4
6,3,2,4
6,4,1,4
6,5,1,4
6,7,1,4
6,8,1,4
6,9,1,4
6,11,1,4
7,1,2,4
7,2,2,4
7,3,2,4
7,4,2,4
7,5,1,4
7,6,1,4
7,8,1,4
7,9,1,4
8,1,1,4
8,2,2,4
8,3,2,4
8,4,2,4
8,5,2,4
8,6,1,4
8,7,1,4
8,9,1,4
8,12,1,4
9,1,1,4
9,2,2,4
9,3,2,4
9,4,1,4
9,5,1,4
9,6,1,4
9,7,1,4
9,8,1,4
10,3,1,4
11,6,1,4
12,8,1,4
0,1,1,5
0,13,0,5
1,2,1,5
1,3,1,5
1,4,1,5
1,5,2,5
1,6,2,5
1,7,2,5
1,8,1,5
1,9,1,5
1,13,1,5
2,1,1,5
2,3,1,5
2,4,2,5
2,5,2,5
2,6,2,5
2,7,2,5
2,8,2,5
2,9,2,5
3,1,1,5
3,2,1,5
3,4,1,5
3,5,2,5
3,6,2,5
3,7,2,5
3,8,2,5
3,9,2,5
3,10,1,5
4,1,1,5
4,2,2,5
4,3,1,5
4,5,1,5
4,6,1,5
4,7,2,5
4,8,2,5
4,9,1,5
5,1,2,5
5,2,2,5
5,3,2,5
5,4,1,5
5,6,1,5
5,7,1,5
5,8,2,5
5,9,1,5
6,1,2,5
6,2,2,5
6,3,2,5
6,4,1,5
6,5,1,5
6,7,1,5
6,8,1,5
6,9,1,5
6,11,1,5
7,1,2,5
7,2,2,5
7,3,2,5
7,4,2,5
7,5,1,5
7,6,1,5
7,8,1,5
7,9,1,5
8,1,1,5
8,2,2,5
8,3,2,5
8,4,2,5
8,5,2,5
8,6,1,5
8,7,1,5
8,9,1,5
8,12,1,5
9,1,1,5
9,2,2,5
9,3,2,5
9,4,1,5
9,5,1,5
9,6,1,5
9,7,1,5
9,8,1,5
10,3,1,5
11,6,1,5
12,8,1,5
0,1,1,6
0,13,0,6
1,2,1,6
1,3,1,6
1,4,1,6
1,5,2,6
1,6,2,6
1,7,2,6
1,8,1,6
1,9,1,6
1,13,1,6
2,1,1,6
2,3,1,6
2,4,2,6
2,5,2,6
2,6,2,6
2,7,2,6
2,8,2,6
2,9,2,6
3,1,1,6
3,2,1,6
3,4,1,6
3,5,2,6
3,6,2,6
3,7,2,6
3,8,2,6
3,9,2,6
3,10,1,6
4,1,1,6
4,2,2,6
4,3,1,6
4,5,1,6
4,6,1,6
4,7,2,6
4,8,2,6
4,9,1,6
5,1,2,6
5,2,2,6
5,3,2,6
5,4,1,6
5,6,1,6
5,7,1,6
5,8,2,6
5,9,1,6
6,1,2,6
6,2,2,6
6,3,2,6
6,4,1,6
6,5,1,6
6,7,1,6
6,8,1,6
6,9,1,6
6,11,1,6
7,1,2,6
7,2,2,6
7,3,2,6
7,4,2,6
7,5,1,6
7,6,1,6
7,8,1,6
7,9,1,6
8,1,1,6
8,2,2,6
8,3,2,6
8,4,2,6
8,5,2,6
8,6,1,6
8,7,1,6
8,9,1,6
8,12,1,6
9,1,1,6
9,2,2,6
9,3,2,6
9,4,1,6
9,5,1,6
9,6,1,6
9,7,1,6
9,8,1,6
10,3,1,6
11,6,1,6
12,8,1,6
0,1,1,7
0,13,0,7
1,2,1,7
1,3,1,7
1,4,1,7
1,5,2,7
1,6,2,7
1,7,2,7
1,8,1,7
1,9,1,7
1,13,1,7
2,1,1,7
2,3,1,7
2,4,2,7
2,5,2,7
2,6,2,7
2,7,2,7
2,8,2,7
2,9,2,7
3,1,1,7
3,2,1,7
3,4,1,7
3,5,2,7
3,6,2,7
3,7,2,7
3,8,2,7
3,9,2,7
3,10,1,7
4,1,1,7
4,2,2,7
4,3,1,7
4,5,1,7
4,6,1,7
4,7,2,7
4,8,2,7
4,9,1,7
5,1,2,7
5,2,2,7
5,3,2,7
5,4,1,7
5,6,1,7
5,7,1,7
5,8,2,7
5,9,1,7
6,1,2,7
6,2,2,7
6,3,2,7
6,4,1,7
6,5,1,7
6,7,1,7
6,8,1,7
6,9,1,7
6,11,1,7
7,1,2,7
7,2,2,7
7,3,2,7
7,4,2,7
7,5,1,7
7,6,1,7
7,8,1,7
7,9,1,7
8,1,1,7
8,2,2,7
8,3,2,7
8,4,2,7
8,5,2,7
8,6,1,7
8,7,1,7
8,9,1,7
8,12,1,7
9,1,1,7
9,2,2,7
9,3,2,7
9,4,1,7
9,5,1,7
9,6,1,7
9,7,1,7
9,8,1,7
10,3,1,7
11,6,1,7
12,8,1,7
0,1,1,8
0,13,0,8
1,2,1,8
1,3,1,8
1,4,1,8
1,5,2,8
1,6,2,8
1,7,2,8
1,8,1,8
1,9,1,8
1,13,1,8
2,1,1,8
2,3,1,8
2,4,2,8
2,5,2,8
2,6,2,8
2,7,2,8
2,8,2,8
2,9,2,8
3,1,1,8
3,2,1,8
3,4,1,8
3,5,2,8
3,6,2,8
3,7,2,8
3,8,2,8
3,9,2,8
3,10,1,8
4,1,1,8
4,2,2,8
4,3,1,8
4,5,1,8
4,6,1,8
4,7,2,8
4,8,2,8
4,9,1,8
5,1,2,8
5,2,2,8
5,3,2,8
5,4,1,8
5,6,1,8
5,7,1,8
5,8,2,8
5,9,1,8
6,1,2,8
6,2,2,8
6,3,2,8
6,4,1,8
6,5,1,8
6,7,1,8
6,8,1,8
6,9,1,8
6,11,1,8
7,1,2,8
7,2,2,8
7,3,2,8
7,4,2,8
7,5,1,8
7,6,1,8
7,8,1,8
7,9,1,8
8,1,1,8
8,2,2,8
8,3,2,8
8,4,2,8
8,5,2,8
8,6,1,8
8,7,1,8
8,9,1,8
8,12,1,8
9,1,1,8
9,2,2,8
9,3,2,8
9,4,1,8
9,5,1,8
9,6,1,8
9,7,1,8
9,8,1,8
10,3,1,8
11,6,1,8
12,8,1,8
0,1,1,9
0,13,0,9
1,2,1,9
1,3,1,9
1,4,1,9
1,5,2,9
1,6,2,9
1,7,2,9
1,8,1,9
1,9,1,9
1,13,1,9
2,1,1,9
2,3,1,9
2,4,2,9
2,5,2,9
2,6,2,9
2,7,2,9
2,8,2,9
2,9,2,9
3,1,1,9
3,2,1,9
3,4,1,9
3,5,2,9
3,6,2,9
3,7,2,9
3,8,2,9
3,9,2,9
3,10,1,9
4,1,1,9
4,2,2,9
4,3,1,9
4,5,1,9
4,6,1,9
4,7,2,9
4,8,2,9
4,9,1,9
5,1,2,9
5,2,2,9
5,3,2,9
5,4,1,9
5,6,1,9
5,7,1,9
5,8,2,9
5,9,1,9
6,1,2,9
6,2,2,9
6,3,2,9
6,4,1,9
6,5,1,9
6,7,1,9
6,8,1,9
6,9,1,9
6,11,1,9
7,1,2,9
7,2,2,9
7,3,2,9
7,4,2,9
7,5,1,9
7,6,1,9
7,8,1,9
7,9,1,9
8,1,1,9
8,2,2,9
8,3,2,9
8,4,2,9
8,5,2,9
8,6,1,9
8,7,1,9
8,9,1,9
8,12,1,9
9,1,1,9
9,2,2,9
9,3,2,9
9,4,1,9
9,5,1,9
9,6,1,9
9,7,1,9
9,8,1,9
10,3,1,9
11,6,1,9
12,8,1,9
0,1,1,10
0,13,0,10
1,2,1,10
1,3,1,10
1,4,1,10
1,5,2,10
1,6,2,10
1,7,2,10
1,8,1,10
1,9,1,10
1,13,1,10
2,1,1,10
2,3,1,10
2,4,2,10
2,5,2,10
2,6,2,10
2,7,2,10
2,8,2,10
2,9,2,10
3,1,1,10
3,2,1,10
3,4,1,10
3,5,2,10
3,6,2,10
3,7,2,10
3,8,2,10
3,9,2,10
3,10,1,10
4,1,1,10
4,2,2,10
4,3,1,10
4,5,1,10
4,6,1,10
4,7,2,10
4,8,2,10
4,9,1,10
5,1,2,10
5,2,2,10
5,3,2,10
5,4,1,10
5,6,1,10
5,7,1,10
5,8,2,10
5,9,1,10
6,1,2,10
6,2,2,10
6,3,2,10
6,4,1,10
6,5,1,10
6,7,1,10
6,8,1,10
6,9,1,10
6,11,1,10
7,1,2,10
7,2,2,10
7,3,2,10
7,4,2,10
7,5,1,10
7,6,1,10
7,8,1,10
7,9,1,10
8,1,1,10
8,2,2,10
8,3,2,10
8,4,2,10
8,5,2,10
8,6,1,10
8,7,1,10
8,9,1,10
8,12,1,10
9,1,1,10
9,2,2,10
9,3,2,10
9,4,1,10
9,5,1,10
9,6,1,10
9,7,1,10
9,8,1,10
10,3,1,10
11,6,1,10
12,8,1,10
0,1,1,11
0,13,0,11
1,2,1,11
1,3,1,11
1,4,1,11
1,5,2,11
1,6,2,11
1,7,2,11
1,8,1,11
1,9,1,11
1,13,1,11
2,1,1,11
2,3,1,11
2,4,2,11
2,5,2,11
2,6,2,11
2,7,2,11
2,8,2,11
2,9,2,11
3,1,1,11
3,2,1,11
3,4,1,11
3,5,2,11
3,6,2,11
3,7,2,11
3,8,2,11
3,9,2,11
3,10,1,11
4,1,1,11
4,2,2,11
4,3,1,11
4,5,1,11
4,6,1,11
4,7,2,11
4,8,2,11
4,9,1,11
5,1,2,11
5,2,2,11
5,3,2,11
5,4,1,11
5,6,1,11
5,7,1,11
5,8,2,11
5,9,1,11
6,1,2,11
6,2,2,11
6,3,2,11
6,4,1,11
6,5,1,11
6,7,1,11
6,8,1,11
6,9,1,11
6,11,1,11
7,1,2,11
7,2,2,11
7,3,2,11
7,4,2,11
7,5,1,11
7,6,1,11
7,8,1,11
7,9,1,11
8,1,1,11
8,2,2,11
8,3,2,11
8,4,2,11
8,5,2,11
8,6,1,11
8,7,1,11
8,9,1,11
8,12,1,11
9,1,1,11
9,2,2,11
9,3,2,11
9,4,1,11
9,5,1,11
9,6,1,11
9,7,1,11
9,8,1,11
10,3,1,11
11,6,1,11
12,8,1,11
0,1,1,12
0,13,0,12
1,2,1,12
1,3,1,12
1,4,1,12
1,5,2,12
1,6,2,12
1,7,2,12
1,8,1,12
1,9,1,12
1,13,1,12
2,1,1,12
2,3,1,12
2,4,2,12
2,5,2,12
2,6,2,12
2,7,2,12
2,8,2,12
2,9,2,12
3,1,1,12
3,2,1,12
3,4,1,12
3,5,2,12
3,6,2,12
3,7,2,12
3,8,2,12
3,9,2,12
3,10,1,12
4,1,1,12
4,2,2,12
4,3,1,12
4,5,1,12
4,6,1,12
4,7,2,12
4,8,2,12
4,9,1,12
5,1,2,12
5,2,2,12
5,3,2,12
5,4,1,12
5,6,1,12
5,7,1,12
5,8,2,12
5,9,1,12
6,1,2,12
6,2,2,12
6,3,2,12
6,4,1,12
6,5,1,12
6,7,1,12
6,8,1,12
6,9,1,12
6,11,1,12
7,1,2,12
7,2,2,12
7,3,2,12
7,4,2,12
7,5,1,12
7,6,1,12
7,8,1,12
7,9,1,12
8,1,1,12
8,2,2,12
8,3,2,12
8,4,2,12
8,5,2,12
8,6,1,12
8,7,1,12
8,9,1,12
8,12,1,12
9,1,1,12
9,2,2,12
9,3,2,12
9,4,1,12
9,5,1,12
9,6,1,12
9,7,1,12
9,8,1,12
10,3,1,12
11,6,1,12
12,8,1,12
0,1,1,13
0,13,0,13
1,2,1,13
1,3,1,13
1,4,1,13
1,5,2,13
1,6,2,13
1,7,2,13
1,8,1,13
1,9,1,13
1,13,1,13
2,1,1,13
2,3,1,13
2,4,2,13
2,5,2,13
2,6,2,13
2,7,2,13
2,8,2,13
2,9,2,13
3,1,1,13
3,2,1,13
3,4,1,13
3,5,2,13
3,6,2,13
3,7,2,13
3,8,2,13
3,9,2,13
3,10,1,13
4,1,1,13
4,2,2,13
4,3,1,13
4,5,1,13
4,6,1,13
4,7,2,13
4,8,2,13
4,9,1,13
5,1,2,13
5,2,2,13
5,3,2,13
5,4,1,13
5,6,1,13
5,7,1,13
5,8,2,13
5,9,1,13
6,1,2,13
6,2,2,13
6,3,2,13
6,4,1,13
6,5,1,13
6,7,1,13
6,8,1,13
6,9,1,13
6,11,1,13
7,1,2,13
7,2,2,13
7,3,2,13
7,4,2,13
7,5,1,13
7,6,1,13
7,8,1,13
7,9,1,13
8,1,1,13
8,2,2,13
8,3,2,13
8,4,2,13
8,5,2,13
8,6,1,13
8,7,1,13
8,9,1,13
8,12,1,13
9,1,1,13
9,2,2,13
9,3,2,13
9,4,1,13
9,5,1,13
9,6,1,13
9,7,1,13
9,8,1,13
10,3,1,13
11,6,1,13
12,8,1,13
0,1,1,14
0,13,0,14
1,2,1,14
1,3,1,14
1,4,1,14
1,5,2,14
1,6,2,14
1,7,2,14
1,8,1,14
1,9,1,14
1,13,1,14
2,1,1,14
2,3,1,14
2,4,2,14
2,5,2,14
2,6,2,14
2,7,2,14
2,8,2,14
2,9,2,14
3,1,1,14
3,2,1,14
3,4,1,14
3,5,2,14
3,6,2,14
3,7,2,14
3,8,2,14
3,9,2,14
3,10,1,14
4,1,1,14
4,2,2,14
4,3,1,14
4,5,1,14
4,6,1,14
4,7,2,14
4,8,2,14
4,9,1,14
5,1,2,14
5,2,2,14
5,3,2,14
5,4,1,14
5,6,1,14
5,7,1,14
5,8,2,14
5,9,1,14
6,1,2,14
6,2,2,14
6,3,2,14
6,4,1,14
6,5,1,14
6,7,1,14
6,8,1,14
6,9,1,14
6,11,1,14
7,1,2,14
7,2,2,14
7,3,2,14
7,4,2,14
7,5,1,14
7,6,1,14
7,8,1,14
7,9,1,14
8,1,1,14
8,2,2,14
8,3,2,14
8,4,2,14
8,5,2,14
8,6,1,14
8,7,1,14
8,9,1,14
8,12,1,14
9,1,1,14
9,2,2,14
9,3,2,14
9,4,1,14
9,5,1,14
9,6,1,14
9,7,1,14
9,8,1,14
10,3,1,14
11,6,1,14
12,8,1,14
0,1,1,15
0,13,0,15
1,2,1,15
1,3,1,15
1,4,1,15
1,5,2,15
1,6,2,15
1,7,2,15
1,8,1,15
1,9,1,15
1,13,1,15
2,1,1,15
2,3,1,15
2,4,2,15
2,5,2,15
2,6,2,15
2,7,2,15
2,8,2,15
2,9,2,15
3,1,1,15
3,2,1,15
3,4,1,15
3,5,2,15
3,6,2,15
3,7,2,15
3,8,2,15
3,9,2,15
3,10,1,15
4,1,1,15
4,2,2,15
4,3,1,15
4,5,1,15
4,6,1,15
4,7,2,15
4,8,2,15
4,9,1,15
5,1,2,15
5,2,2,15
5,3,2,15
5,4,1,15
5,6,1,15
5,7,1,15
5,8,2,15
5,9,1,15
6,1,2,15
6,2,2,15
6,3,2,15
6,4,1,15
6,5,1,15
6,7,1,15
6,8,1,15
6,9,1,15
6,11,1,15
7,1,2,15
7,2,2,15
7,3,2,15
7,4,2,15
7,5,1,15
7,6,1,15
7,8,1,15
7,9,1,15
8,1,1,15
8,2,2,15
8,3,2,15
8,4,2,15
8,5,2,15
8,6,1,15
8,7,1,15
8,9,1,15
8,12,1,15
9,1,1,15
9,2,2,15
9,3,2,15
9,4,1,15
9,5,1,15
9,6,1,15
9,7,1,15
9,8,1,15
10,3,1,15
11,6,1,15
12,8,1,15
0,1,1,16
0,13,0,16
1,2,1,16
1,3,1,16
1,4,1,16
1,5,2,16
1,6,2,16
1,7,2,16
1,8,1,16
1,9,1,16
1,13,1,16
2,1,1,16
2,3,1,16
2,4,2,16
2,5,2,16
2,6,2,16
2,7,2,16
2,8,2,16
2,9,2,16
3,1,1,16
3,2,1,16
3,4,1,16
3,5,2,16
3,6,2,16
3,7,2,16
3,8,2,16
3,9,2,16
3,10,1,16
4,1,1,16
4,2,2,16
4,3,1,16
4,5,1,16
4,6,1,16
4,7,2,16
4,8,2,16
4,9,1,16
5,1,2,16
5,2,2,16
5,3,2,16
5,4,1,16
5,6,1,16
5,7,1,16
5,8,2,16
5,9,1,16
6,1,2,16
6,2,2,16
6,3,2,16
6,4,1,16
6,5,1,16
6,7,1,16
6,8,1,16
6,9,1,16
6,11,1,16
7,1,2,16
7,2,2,16
7,3,2,16
7,4,2,16
7,5,1,16
7,6,1,16
7,8,1,16
7,9,1,16
8,1,1,16
8,2,2,16
8,3,2,16
8,4,2,16
8,5,2,16
8,6,1,16
8,7,1,16
8,9,1,16
8,12,1,16
9,1,1,16
9,2,2,16
9,3,2,16
9,4,1,16
9,5,1,16
9,6,1,16
9,7,1,16
9,8,1,16
10,3,1,16
11,6,1,16
12,8,1,16
0,1,1,17
0,13,0,17
1,2,1,17
1,3,1,17
1,4,1,17
1,5,2,17
1,6,2,17
1,7,2,17
1,8,1,17
1,9,1,17
1,13,1,17
2,1,1,17
2,3,1,17
2,4,2,17
2,5,2,17
2,6,2,17
2,7,2,17
2,8,2,17
2,9,2,17
3,1,1,17
3,2,1,17
3,4,1,17
3,5,2,17
3,6,2,17
3,7,2,17
3,8,2,17
3,9,2,17
3,10,1,17
4,1,1,17
4,2,2,17
4,3,1,17
4,5,1,17
4,6,1,17
4,7,2,17
4,8,2,17
4,9,1,17
5,1,2,17
5,2,2,17
5,3,2,17
5,4,1,17
5,6,1,17
5,7,1,17
5,8,2,17
5,9,1,17
6,1,2,17
6,2,2,17
6,3,2,17
6,4,1,17
6,5,1,17
6,7,1,17
6,8,1,17
6,9,1,17
6,11,1,17
7,1,2,17
7,2,2,17
7,3,2,17
7,4,2,17
7,5,1,17
7,6,1,17
7,8,1,17
7,9,1,17
8,1,1,17
8,2,2,17
8,3,2,17
8,4,2,17
8,5,2,17
8,6,1,17
8,7,1,17
8,9,1,17
8,12,1,17
9,1,1,17
9,2,2,17
9,3,2,17
9,4,1,17
9,5,1,17
9,6,1,17
9,7,1,17
9,8,1,17
10,3,1,17
11,6,1,17
12,8,1,17
0,1,1,18
0,13,0,18
1,2,1,18
1,3,1,18
1,4,1,18
1,5,2,18
1,6,2,18
1,7,2,18
1,8,1,18
1,9,1,18
1,13,1,18
2,1,1,18
2,3,1,18
2,4,2,18
2,5,2,18
2,6,2,18
2,7,2,18
2,8,2,18
2,9,2,18
3,1,1,18
3,2,1,18
3,4,1,18
3,5,2,18
3,6,2,18
3,7,2,18
3,8,2,18
3,9,2,18
3,10,1,18
4,1,1,18
4,2,2,18
4,3,1,18
4,5,1,18
4,6,1,18
4,7,2,18
4,8,2,18
4,9,1,18
5,1,2,18
5,2,2,18
5,3,2,18
5,4,1,18
5,6,1,18
5,7,1,18
5,8,2,18
5,9,1,18
6,1,2,18
6,2,2,18
6,3,2,18
6,4,1,18
6,5,1,18
6,7,1,18
6,8,1,18
6,9,1,18
6,11,1,18
7,1,2,18
7,2,2,18
7,3,2,18
7,4,2,18
7,5,1,18
7,6,1,18
7,8,1,18
7,9,1,18
8,1,1,18
8,2,2,18
8,3,2,18
8,4,2,18
8,5,2,18
8,6,1,18
8,7,1,18
8,9,1,18
8,12,1,18
9,1,1,18
9,2,2,18
9,3,2,18
9,4,1,18
9,5,1,18
9,6,1,18
9,7,1,18
9,8,1,18
10,3,1,18
11,6,1,18
12,8,1,18
0,1,1,19
0,13,0,19
1,2,1,19
1,3,1,19
1,4,1,19
1,5,2,19
1,6,2,19
1,7,2,19
1,8,1,19
1,9,1,19
1,13,1,19
2,1,1,19
2,3,1,19
2,4,2,19
2,5,2,19
2,6,2,19
2,7,2,19
2,8,2,19
2,9,2,19
3,1,1,19
3,2,1,19
3,4,1,19
3,5,2,19
3,6,2,19
3,7,2,19
3,8,2,19
3,9,2,19
3,10,1,19
4,1,1,19
4,2,2,19
4,3,1,19
4,5,1,19
4,6,1,19
4,7,2,19
4,8,2,19
4,9,1,19
5,1,2,19
5,2,2,19
5,3,2,19
5,4,1,19
5,6,1,19
5,7,1,19
5,8,2,19
5,9,1,19
6,1,2,19
6,2,2,19
6,3,2,19
6,4,1,19
6,5,1,19
6,7,1,19
6,8,1,19
6,9,1,19
6,11,1,19
7,1,2,19
7,2,2,19
7,3,2,19
7,4,2,19
7,5,1,19
7,6,1,19
7,8,1,19
7,9,1,19
8,1,1,19
8,2,2,19
8,3,2,19
8,4,2,19
8,5,2,19
8,6,1,19
8,7,1,19
8,9,1,19
8,12,1,19
9,1,1,19
9,2,2,19
9,3,2,19
9,4,1,19
9,5,1,19
9,6,1,19
9,7,1,19
9,8,1,19
10,3,1,19
11,6,1,19
12,8,1,19
0,1,1,20
0,13,0,20
1,2,1,20
1,3,1,20
1,4,1,20
1,5,2,20
1,6,2,20
1,7,2,20
1,8,1,20
1,9,1,20
1,13,1,20
2,1,1,20
2,3,1,20
2,4,2,20
2,5,2,20
2,6,2,20
2,7,2,20
2,8,2,20
2,9,2,20
3,1,1,20
3,2,1,20
3,4,1,20
3,5,2,20
3,6,2,20
3,7,2,20
3,8,2,20
3,9,2,20
3,10,1,20
4,1,1,20
4,2,2,20
4,3,1,20
4,5,1,20
4,6,1,20
4,7,2,20
4,8,2,20
4,9,1,20
5,1,2,20
5,2,2,20
5,3,2,20
5,4,1,20
5,6,1,20
5,7,1,20
5,8,2,20
5,9,1,20
6,1,2,20
6,2,2,20
6,3,2,20
6,4,1,20
6,5,1,20
6,7,1,20
6,8,1,20
6,9,1,20
6,11,1,20
7,1,2,20
7,2,2,20
7,3,2,20
7,4,2,20
7,5,1,20
7,6,1,20
7,8,1,20
7,9,1,20
8,1,1,20
8,2,2,20
8,3,2,20
8,4,2,20
8,5,2,20
8,6,1,20
8,7,1,20
8,9,1,20
8,12,1,20
9,1,1,20
9,2,2,20
9,3,2,20
9,4,1,20
9,5,1,20
9,6,1,20
9,7,1,20
9,8,1,20
10,3,1,20
11,6,1,20
12,8,1,20
0,1,1,21
0,13,0,21
1,2,1,21
1,3,1,21
1,4,1,21
1,5,2,21
1,6,2,21
1,7,2,21
1,8,1,21
1,9,1,21
1,13,1,21
2,1,1,21
2,3,1,21
2,4,2,21
2,5,2,21
2,6,2,21
2,7,2,21
2,8,2,21
2,9,2,21
3,1,1,21
3,2,1,21
3,4,1,21
3,5,2,21
3,6,2,21
3,7,2,21
3,8,2,21
3,9,2,21
3,10,1,21
4,1,1,21
4,2,2,21
4,3,1,21
4,5,1,21
4,6,1,21
4,7,2,21
4,8,2,21
4,9,1,21
5,1,2,21
5,2,2,21
5,3,2,21
5,4,1,21
5,6,1,21
5,7,1,21
5,8,2,21
5,9,1,21
6,1,2,21
6,2,2,21
6,3,2,21
6,4,1,21
6,5,1,21
6,7,1,21
6,8,1,21
6,9,1,21
6,11,1,21
7,1,2,21
7,2,2,21
7,3,2,21
7,4,2,21
7,5,1,21
7,6,1,21
7,8,1,21
7,9,1,21
8,1,1,21
8,2,2,21
8,3,2,21
8,4,2,21
8,5,2,21
8,6,1,21
8,7,1,21
8,9,1,21
8,12,1,21
9,1,1,21
9,2,2,21
9,3,2,21
9,4,1,21
9,5,1,21
9,6,1,21
9,7,1,21
9,8,1,21
10,3,1,21
11,6,1,21
12,8,1,21
0,1,1,22
0,13,0,22
1,2,1,22
1,3,1,22
1,4,1,22
1,5,2,22
1,6,2,22
1,7,2,22
1,8,1,22
1,9,1,22
1,13,1,22
2,1,1,22
2,3,1,22
2,4,2,22
2,5,2,22
2,6,2,22
2,7,2,22
2,8,2,22
2,9,2,22
3,1,1,22
3,2,1,22
3,4,1,22
3,5,2,22
3,6,2,22
3,7,2,22
3,8,2,22
3,9,2,22
3,10,1,22
4,1,1,22
4,2,2,22
4,3,1,22
4,5,1,22
4,6,1,22
4,7,2,22
4,8,2,22
4,9,1,22
5,1,2,22
5,2,2,22
5,3,2,22
5,4,1,22
5,6,1,22
5,7,1,22
5,8,2,22
5,9,1,22
6,1,2,22
6,2,2,22
6,3,2,22
6,4,1,22
6,5,1,22
6,7,1,22
6,8,1,22
6,9,1,22
6,11,1,22
7,1,2,22
7,2,2,22
7,3,2,22
7,4,2,22
7,5,1,22
7,6,1,22
7,8,1,22
7,9,1,22
8,1,1,22
8,2,2,22
8,3,2,22
8,4,2,22
8,5,2,22
8,6,1,22
8,7,1,22
8,9,1,22
8,12,1,22
9,1,1,22
9,2,2,22
9,3,2,22
9,4,1,22
9,5,1,22
9,6,1,22
9,7,1,22
9,8,1,22
10,3,1,22
11,6,1,22
12,8,1,22
0,1,1,23
0,13,0,23
1,2,1,23
1,3,1,23
1,4,1,23
1,5,2,23
1,6,2,23
1,7,2,23
1,8,1,23
1,9,1,23
1,13,1,23
2,1,1,23
2,3,1,23
2,4,2,23
2,5,2,23
2,6,2,23
2,7,2,23
2,8,2,23
2,9,2,23
3,1,1,23
3,2,1,23
3,4,1,23
3,5,2,23
3,6,2,23
3,7,2,23
3,8,2,23
3,9,2,23
3,10,1,23
4,1,1,23
4,2,2,23
4,3,1,23
4,5,1,23
4,6,1,23
4,7,2,23
4,8,2,23
4,9,1,23
5,1,2,23
5,2,2,23
5,3,2,23
5,4,1,23
5,6,1,23
5,7,1,23
5,8,2,23
5,9,1,23
6,1,2,23
6,2,2,23
6,3,2,23
6,4,1,23
6,5,1,23
6,7,1,23
6,8,1,23
6,9,1,23
6,11,1,23
7,1,2,23
7,2,2,23
7,3,2,23
7,4,2,23
7,5,1,23
7,6,1,23
7,8,1,23
7,9,1,23
8,1,1,23
8,2,2,23
8,3,2,23
8,4,2,23
8,5,2,23
8,6,1,23
8,7,1,23
8,9,1,23
8,12,1,23
9,1,1,23
9,2,2,23
9,3,2,23
9,4,1,23
9,5,1,23
9,6,1,23
9,7,1,23
9,8,1,23
10,3,1,23
11,6,1,23
12,8,1,23
0,1,1,24
0,13,0,24
1,2,1,24
1,3,1,24
1,4,1,24
1,5,2,24
1,6,2,24
1,7,2,24
1,8,1,24
1,9,1,24
1,13,1,24
2,1,1,24
2,3,1,24
2,4,2,24
2,5,2,24
2,6,2,24
2,7,2,24
2,8,2,24
2,9,2,24
3,1,1,24
3,2,1,24
3,4,1,24
3,5,2,24
3,6,2,24
3,7,2,24
3,8,2,24
3,9,2,24
3,10,1,24
4,1,1,24
4,2,2,24
4,3,1,24
4,5,1,24
4,6,1,24
4,7,2,24
4,8,2,24
4,9,1,24
5,1,2,24
5,2,2,24
5,3,2,24
5,4,1,24
5,6,1,24
5,7,1,24
5,8,2,24
5,9,1,24
6,1,2,24
6,2,2,24
6,3,2,24
6,4,1,24
6,5,1,24
6,7,1,24
6,8,1,24
6,9,1,24
6,11,1,24
7,1,2,24
7,2,2,24
7,3,2,24
7,4,2,24
7,5,1,24
7,6,1,24
7,8,1,24
7,9,1,24
8,1,1,24
8,2,2,24
8,3,2,24
8,4,2,24
8,5,2,24
8,6,1,24
8,7,1,24
8,9,1,24
8,12,1,24
9,1,1,24
9,2,2,24
9,3,2,24
9,4,1,24
9,5,1,24
9,6,1,24
9,7,1,24
9,8,1,24
10,3,1,24
11,6,1,24
12,8,1,24
0,1,1,25
0,13,0,25
1,2,1,25
1,3,1,25
1,4,1,25
1,5,2,25
1,6,2,25
1,7,2,25
1,8,1,25
1,9,1,25
1,13,1,25
2,1,1,25
2,3,1,25
2,4,2,25
2,5,2,25
2,6,2,25
2,7,2,25
2,8,2,25
2,9,2,25
3,1,1,25
3,2,1,25
3,4,1,25
3,5,2,25
3,6,2,25
3,7,2,25
3,8,2,25
3,9,2,25
3,10,1,25
4,1,1,25
4,2,2,25
4,3,1,25
4,5,1,25
4,6,1,25
4,7,2,25
4,8,2,25
4,9,1,25
5,1,2,25
5,2,2,25
5,3,2,25
5,4,1,25
5,6,1,25
5,7,1,25
5,8,2,25
5,9,1,25
6,1,2,25
6,2,2,25
6,3,2,25
6,4,1,25
6,5,1,25
6,7,1,25
6,8,1,25
6,9,1,25
6,11,1,25
7,1,2,25
7,2,2,25
7,3,2,25
7,4,2,25
7,5,1,25
7,6,1,25
7,8,1,25
7,9,1,25
8,1,1,25
8,2,2,25
8,3,2,25
8,4,2,25
8,5,2,25
8,6,1,25
8,7,1,25
8,9,1,25
8,12,1,25
9,1,1,25
9,2,2,25
9,3,2,25
9,4,1,25
9,5,1,25
9,6,1,25
9,7,1,25
9,8,1,25
10,3,1,25
11,6,1,25
12,8,1,25
0,1,1,26
0,13,0,26
1,2,1,26
1,3,1,26
1,4,1,26
1,5,2,26
1,6,2,26
1,7,2,26
1,8,1,26
1,9,1,26
1,13,1,26
2,1,1,26
2,3,1,26
2,4,2,26
2,5,2,26
2,6,2,26
2,7,2,26
2,8,2,26
2,9,2,26
3,1,1,26
3,2,1,26
3,4,1,26
3,5,2,26
3,6,2,26
3,7,2,26
3,8,2,26
3,9,2,26
3,10,1,26
4,1,1,26
4,2,2,26
4,3,1,26
4,5,1,26
4,6,1,26
4,7,2,26
4,8,2,26
4,9,1,26
5,1,2,26
5,2,2,26
5,3,2,26
5,4,1,26
5,6,1,26
5,7,1,26
5,8,2,26
5,9,1,26
6,1,2,26
6,2,2,26
6,3,2,26
6,4,1,26
6,5,1,26
6,7,1,26
6,8,1,26
6,9,1,26
6,11,1,26
7,1,2,26
7,2,2,26
7,3,2,26
7,4,2,26
7,5,1,26
7,6,1,26
7,8,1,26
7,9,1,26
8,1,1,26
8,2,2,26
8,3,2,26
8,4,2,26
8,5,2,26
8,6,1,26
8,7,1,26
8,9,1,26
8,12,1,26
9,1,1,26
9,2,2,26
9,3,2,26
9,4,1,26
9,5,1,26
9,6,1,26
9,7,1,26
9,8,1,26
10,3,1,26
11,6,1,26
12,8,1,26
0,1,1,27
0,13,0,27
1,2,1,27
1,3,1,27
1,4,1,27
1,5,2,27
1,6,2,27
1,7,2,27
1,8,1,27
1,9,1,27
1,13,1,27
2,1,1,27
2,3,1,27
2,4,2,27
2,5,2,27
2,6,2,27
2,7,2,27
2,8,2,27
2,9,2,27
3,1,1,27
3,2,1,27
3,4,1,27
3,5,2,27
3,6,2,27
3,7,2,27
3,8,2,27
3,9,2,27
3,10,1,27
4,1,1,27
4,2,2,27
4,3,1,27
4,5,1,27
4,6,1,27
4,7,2,27
4,8,2,27
4,9,1,27
5,1,2,27
5,2,2,27
5,3,2,27
5,4,1,27
5,6,1,27
5,7,1,27
5,8,2,27
5,9,1,27
6,1,2,27
6,2,2,27
6,3,2,27
6,4,1,27
6,5,1,27
6,7,1,27
6,8,1,27
6,9,1,27
6,11,1,27
7,1,2,27
7,2,2,27
7,3,2,27
7,4,2,27
7,5,1,27
7,6,1,27
7,8,1,27
7,9,1,27
8,1,1,27
8,2,2,27
8,3,2,27
8,4,2,27
8,5,2,27
8,6,1,27
8,7,1,27
8,9,1,27
8,12,1,27
9,1,1,27
9,2,2,27
9,3,2,27
9,4,1,27
9,5,1,27
9,6,1,27
9,7,1,27
9,8,1,27
10,3,1,27
11,6,1,27
12,8,1,27
0,1,1,28
0,13,0,28
1,2,1,28
1,3,1,28
1,4,1,28
1,5,2,28
1,6,2,28
1,7,2,28
1,8,1,28
1,9,1,28
1,13,1,28
2,1,1,28
2,3,1,28
2,4,2,28
2,5,2,28
2,6,2,28
2,7,2,28
2,8,2,28
2,9,2,28
3,1,1,28
3,2,1,28
3,4,1,28
3,5,2,28
3,6,2,28
3,7,2,28
3,8,2,28
3,9,2,28
3,10,1,28
4,1,1,28
4,2,2,28
4,3,1,28
4,5,1,28
4,6,1,28
4,7,2,28
4,8,2,28
4,9,1,28
5,1,2,28
5,2,2,28
5,3,2,28
5,4,1,28
5,6,1,28
5,7,1,28
5,8,2,28
5,9,1,28
6,1,2,28
6,2,2,28
6,3,2,28
6,4,1,28
6,5,1,28
6,7,1,28
6,8,1,28
6,9,1,28
6,11,1,28
7,1,2,28
7,2,2,28
7,3,2,28
7,4,2,28
7,5,1,28
7,6,1,28
7,8,1,28
7,9,1,28
8,1,1,28
8,2,2,28
8,3,2,28
8,4,2,28
8,5,2,28
8,6,1,28
8,7,1,28
8,9,1,28
8,12,1,28
9,1,1,28
9,2,2,28
9,3,2,28
9,4,1,28
9,5,1,28
9,6,1,28
9,7,1,28
9,8,1,28
10,3,1,28
11,6,1,28
12,8,1,28
0,1,1,29
0,13,0,29
1,2,1,29
1,3,1,29
1,4,1,29
1,5,2,29
1,6,2,29
1,7,2,29
1,8,1,29
1,9,1,29
1,13,1,29
2,1,1,29
2,3,1,29
2,4,2,29
2,5,2,29
2,6,2,29
2,7,2,29
2,8,2,29
2,9,2,29
3,1,1,29
3,2,1,29
3,4,1,29
3,5,2,29
3,6,2,29
3,7,2,29
3,8,2,29
3,9,2,29
3,10,1,29
4,1,1,29
4,2,2,29
4,3,1,29
4,5,1,29
4,6,1,29
4,7,2,29
4,8,2,29
4,9,1,29
5,1,2,29
5,2,2,29
5,3,2,29
5,4,1,29
5,6,1,29
5,7,1,29
5,8,2,29
5,9,1,29
6,1,2,29
6,2,2,29
6,3,2,29
6,4,1,29
6,5,1,29
6,7,1,29
6,8,1,29
6,9,1,29
6,11,1,29
7,1,2,29
7,2,2,29
7,3,2,29
7,4,2,29
7,5,1,29
7,6,1,29
7,8,1,29
7,9,1,29
8,1,1,29
8,2,2,29
8,3,2,29
8,4,2,29
8,5,2,29
8,6,1,29
8,7,1,29
8,9,1,29
8,12,1,29
9,1,1,29
9,2,2,29
9,3,2,29
9,4,1,29
9,5,1,29
9,6,1,29
9,7,1,29
9,8,1,29
10,3,1,29
11,6,1,29
12,8,1,29
0,1,1,30
0,13,0,30
1,2,1,30
1,3,1,30
1,4,1,30
1,5,2,30
1,6,2,30
1,7,2,30
1,8,1,30
1,9,1,30
1,13,1,30
2,1,1,30
2,3,1,30
2,4,2,30
2,5,2,30
2,6,2,30
2,7,2,30
2,8,2,30
2,9,2,30
3,1,1,30
3,2,1,30
3,4,1,30
3,5,2,30
3,6,2,30
3,7,2,30
3,8,2,30
3,9,2,30
3,10,1,30
4,1,1,30
4,2,2,30
4,3,1,30
4,5,1,30
4,6,1,30
4,7,2,30
4,8,2,30
4,9,1,30
5,1,2,30
5,2,2,30
5,3,2,30
5,4,1,30
5,6,1,30
5,7,1,30
5,8,2,30
5,9,1,30
6,1,2,30
6,2,2,30
6,3,2,30
6,4,1,30
6,5,1,30
6,7,1,30
6,8,1,30
6,9,1,30
6,11,1,30
7,1,2,30
7,2,2,30
7,3,2,30
7,4,2,30
7,5,1,30
7,6,1,30
7,8,1,30
7,9,1,30
8,1,1,30
8,2,2,30
8,3,2,30
8,4,2,30
8,5,2,30
8,6,1,30
8,7,1,30
8,9,1,30
8,12,1,30
9,1,1,30
9,2,2,30
9,3,2,30
9,4,1,30
9,5,1,30
9,6,1,30
9,7,1,30
9,8,1,30
10,3,1,30
11,6,1,30
12,8,1,30
0,1,1,31
0,13,0,31
1,2,1,31
1,3,1,31
1,4,1,31
1,5,2,31
1,6,2,31
1,7,2,31
1,8,1,31
1,9,1,31
1,13,1,31
2,1,1,31
2,3,1,31
2,4,2,31
2,5,2,31
2,6,2,31
2,7,2,31
2,8,2,31
2,9,2,31
3,1,1,31
3,2,1,31
3,4,1,31
3,5,2,31
3,6,2,31
3,7,2,31
3,8,2,31
3,9,2,31
3,10,1,31
4,1,1,31
4,2,2,31
4,3,1,31
4,5,1,31
4,6,1,31
4,7,2,31
4,8,2,31
4,9,1,31
5,1,2,31
5,2,2,31
5,3,2,31
5,4,1,31
5,6,1,31
5,7,1,31
5,8,2,31
5,9,1,31
6,1,2,31
6,2,2,31
6,3,2,31
6,4,1,31
6,5,1,31
6,7,1,31
6,8,1,31
6,9,1,31
6,11,1,31
7,1,2,31
7,2,2,31
7,3,2,31
7,4,2,31
7,5,1,31
7,6,1,31
7,8,1,31
7,9,1,31
8,1,1,31
8,2,2,31
8,3,2,31
8,4,2,31
8,5,2,31
8,6,1,31
8,7,1,31
8,9,1,31
8,12,1,31
9,1,1,31
9,2,2,31
9,3,2,31
9,4,1,31
9,5,1,31
9,6,1,31
9,7,1,31
9,8,1,31
10,3,1,31
11,6,1,31
12,8,1,31
0,1,1,32
0,13,0,32
1,2,1,32
1,3,1,32
1,4,1,32
1,5,2,32
1,6,2,32
1,7,2,32
1,8,1,32
1,9,1,32
1,13,1,32
2,1,1,32
2,3,1,32
2,4,2,32
2,5,2,32
2,6,2,32
2,7,2,32
2,8,2,32
2,9,2,32
3,1,1,32
3,2,1,32
3,4,1,32
3,5,2,32
3,6,2,32
3,7,2,32
3,8,2,32
3,9,2,32
3,10,1,32
4,1,1,32
4,2,2,32
4,3,1,32
4,5,1,32
4,6,1,32
4,7,2,32
4,8,2,32
4,9,1,32
5,1,2,32
5,2,2,32
5,3,2,32
5,4,1,32
5,6,1,32
5,7,1,32
5,8,2,32
5,9,1,32
6,1,2,32
6,2,2,32
6,3,2,32
6,4,1,32
6,5,1,32
6,7,1,32
6,8,1,32
6,9,1,32
6,11,1,32
7,1,2,32
7,2,2,32
7,3,2,32
7,4,2,32
7,5,1,32
7,6,1,32
7,8,1,32
7,9,1,32
8,1,1,32
8,2,2,32
8,3,2,32
8,4,2,32
8,5,2,32
8,6,1,32
8,7,1,32
8,9,1,32
8,12,1,32
9,1,1,32
9,2,2,32
9,3,2,32
9,4,1,32
9,5,1,32
9,6,1,32
9,7,1,32
9,8,1,32
10,3,1,32
11,6,1,32
12,8,1,32
0,1,1,33
0,13,0,33
1,2,1,33
1,3,1,33
1,4,1,33
1,5,2,33
1,6,2,33
1,7,2,33
1,8,1,33
1,9,1,33
1,13,1,33
2,1,1,33
2,3,1,33
2,4,2,33
2,5,2,33
2,6,2,33
2,7,2,33
2,8,2,33
2,9,2,33
3,1,1,33
3,2,1,33
3,4,1,33
3,5,2,33
3,6,2,33
3,7,2,33
3,8,2,33
3,9,2,33
3,10,1,33
4,1,1,33
4,2,2,33
4,3,1,33
4,5,1,33
4,6,1,33
4,7,2,33
4,8,2,33
4,9,1,33
5,1,2,33
5,2,2,33
5,3,2,33
5,4,1,33
5,6,1,33
5,7,1,33
5,8,2,33
5,9,1,33
6,1,2,33
6,2,2,33
6,3,2,33
6,4,1,33
6,5,1,33
6,7,1,33
6,8,1,33
6,9,1,33
6,11,1,33
7,1,2,33
7,2,2,33
7,3,2,33
7,4,2,33
7,5,1,33
7,6,1,33
7,8,1,33
7,9,1,33
8,1,1,33
8,2,2,33
8,3,2,33
8,4,2,33
8,5,2,33
8,6,1,33
8,7,1,33
8,9,1,33
8,12,1,33
9,1,1,33
9,2,2,33
9,3,2,33
9,4,1,33
9,5,1,33
9,6,1,33
9,7,1,33
9,8,1,33
10,3,1,33
11,6,1,33
12,8,1,33
0,1,1,34
0,13,0,34
1,2,1,34
1,3,1,34
1,4,1,34
1,5,2,34
1,6,2,34
1,7,2,34
1,8,1,34
1,9,1,34
1,13,1,34
2,1,1,34
2,3,1,34
2,4,2,34
2,5,2,34
2,6,2,34
2,7,2,34
2,8,2,34
2,9,2,34
3,1,1,34
3,2,1,34
3,4,1,34
3,5,2,34
3,6,2,34
3,7,2,34
3,8,2,34
3,9,2,34
3,10,1,34
4,1,1,34
4,2,2,34
4,3,1,34
4,5,1,34
4,6,1,34
4,7,2,34
4,8,2,34
4,9,1,34
5,1,2,34
5,2,2,34
5,3,2,34
5,4,1,34
5,6,1,34
5,7,1,34
5,8,2,34
5,9,1,34
6,1,2,34
6,2,2,34
6,3,2,34
6,4,1,34
6,5,1,34
6,7,1,34
6,8,1,34
6,9,1,34
6,11,1,34
7,1,2,34
7,2,2,34
7,3,2,34
7,4,2,34
7,5,1,34
7,6,1,34
7,8,1,34
7,9,1,34
8,1,1,34
8,2,2,34
8,3,2,34
8,4,2,34
8,5,2,34
8,6,1,34
8,7,1,34
8,9,1,34
8,12,1,34
9,1,1,34
9,2,2,34
9,3,2,34
9,4,1,34
9,5,1,34
9,6,1,34
9,7,1,34
9,8,1,34
10,3,1,34
11,6,1,34
12,8,1,34
0,1,1,35
0,13,0,35
1,2,1,35
1,3,1,35
1,4,1,35
1,5,2,35
1,6,2,35
1,7,2,35
1,8,1,35
1,9,1,35
1,13,1,35
2,1,1,35
2,3,1,35
2,4,2,35
2,5,2,35
2,6,2,35
2,7,2,35
2,8,2,35
2,9,2,35
3,1,1,35
3,2,1,35
3,4,1,35
3,5,2,35
3,6,2,35
3,7,2,35
3,8,2,35
3,9,2,35
3,10,1,35
4,1,1,35
4,2,2,35
4,3,1,35
4,5,1,35
4,6,1,35
4,7,2,35
4,8,2,35
4,9,1,35
5,1,2,35
5,2,2,35
5,3,2,35
5,4,1,35
5,6,1,35
5,7,1,35
5,8,2,35
5,9,1,35
6,1,2,35
6,2,2,35
6,3,2,35
6,4,1,35
6,5,1,35
6,7,1,35
6,8,1,35
6,9,1,35
6,11,1,35
7,1,2,35
7,2,2,35
7,3,2,35
7,4,2,35
7,5,1,35
7,6,1,35
7,8,1,35
7,9,1,35
8,1,1,35
8,2,2,35
8,3,2,35
8,4,2,35
8,5,2,35
8,6,1,35
8,7,1,35
8,9,1,35
8,12,1,35
9,1,1,35
9,2,2,35
9,3,2,35
9,4,1,35
9,5,1,35
9,6,1,35
9,7,1,35
9,8,1,35
10,3,1,35
11,6,1,35
12,8,1,35
0,1,1,36
0,13,0,36
1,2,1,36
1,3,1,36
1,4,1,36
1,5,2,36
1,6,2,36
1,7,2,36
1,8,1,36
1,9,1,36
1,13,1,36
2,1,1,36
2,3,1,36
2,4,2,36
2,5,2,36
2,6,2,36
2,7,2,36
2,8,2,36
2,9,2,36
3,1,1,36
3,2,1,36
3,4,1,36
3,5,2,36
3,6,2,36
3,7,2,36
3,8,2,36
3,9,2,36
3,10,1,36
4,1,1,36
4,2,2,36
4,3,1,36
4,5,1,36
4,6,1,36
4,7,2,36
4,8,2,36
4,9,1,36
5,1,2,36
5,2,2,36
5,3,2,36
5,4,1,36
5,6,1,36
5,7,1,36
5,8,2,36
5,9,1,36
6,1,2,36
6,2,2,36
6,3,2,36
6,4,1,36
6,5,1,36
6,7,1,36
6,8,1,36
6,9,1,36
6,11,1,36
7,1,2,36
7,2,2,36
7,3,2,36
7,4,2,36
7,5,1,36
7,6,1,36
7,8,1,36
7,9,1,36
8,1,1,36
8,2,2,36
8,3,2,36
8,4,2,36
8,5,2,36
8,6,1,36
8,7,1,36
8,9,1,36
8,12,1,36
9,1,1,36
9,2,2,36
9,3,2,36
9,4,1,36
9,5,1,36
9,6,1,36
9,7,1,36
9,8,1,36
10,3,1,36
11,6,1,36
12,8,1,36
0,1,1,37
0,13,0,37
1,2,1,37
1,3,1,37
1,4,1,37
1,5,2,37
1,6,2,37
1,7,2,37
1,8,1,37
1,9,1,37
1,13,1,37
2,1,1,37
2,3,1,37
2,4,2,37
2,5,2,37
2,6,2,37
2,7,2,37
2,8,2,37
2,9,2,37
3,1,1,37
3,2,1,37
3,4,1,37
3,5,2,37
3,6,2,37
3,7,2,37
3,8,2,37
3,9,2,37
3,10,1,37
4,1,1,37
4,2,2,37
4,3,1,37
4,5,1,37
4,6,1,37
4,7,2,37
4,8,2,37
4,9,1,37
5,1,2,37
5,2,2,37
5,3,2,37
5,4,1,37
5,6,1,37
5,7,1,37
5,8,2,37
5,9,1,37
6,1,2,37
6,2,2,37
6,3,2,37
6,4,1,37
6,5,1,37
6,7,1,37
6,8,1,37
6,9,1,37
6,11,1,37
7,1,2,37
7,2,2,37
7,3,2,37
7,4,2,37
7,5,1,37
7,6,1,37
7,8,1,37
7,9,1,37
8,1,1,37
8,2,2,37
8,3,2,37
8,4,2,37
8,5,2,37
8,6,1,37
8,7,1,37
8,9,1,37
8,12,1,37
9,1,1,37
9,2,2,37
9,3,2,37
9,4,1,37
9,5,1,37
9,6,1,37
9,7,1,37
9,8,1,37
10,3,1,37
11,6,1,37
12,8,1,37
0,1,1,38
0,13,0,38
1,2,1,38
1,3,1,38
1,4,1,38
1,5,2,38
1,6,2,38
1,7,2,38
1,8,1,38
1,9,1,38
1,13,1,38
2,1,1,38
2,3,1,38
2,4,2,38
2,5,2,38
2,6,2,38
2,7,2,38
2,8,2,38
2,9,2,38
3,1,1,38
3,2,1,38
3,4,1,38
3,5,2,38
3,6,2,38
3,7,2,38
3,8,2,38
3,9,2,38
3,10,1,38
4,1,1,38
4,2,2,38
4,3,1,38
4,5,1,38
4,6,1,38
4,7,2,38
4,8,2,38
4,9,1,38
5,1,2,38
5,2,2,38
5,3,2,38
5,4,1,38
5,6,1,38
5,7,1,38
5,8,2,38
5,9,1,38
6,1,2,38
6,2,2,38
6,3,2,38
6,4,1,38
6,5,1,38
6,7,1,38
6,8,1,38
6,9,1,38
6,11,1,38
7,1,2,38
7,2,2,38
7,3,2,38
7,4,2,38
7,5,1,38
7,6,1,38
7,8,1,38
7,9,1,38
8,1,1,38
8,2,2,38
8,3,2,38
8,4,2,38
8,5,2,38
8,6,1,38
8,7,1,38
8,9,1,38
8,12,1,38
9,1,1,38
9,2,2,38
9,3,2,38
9,4,1,38
9,5,1,38
9,6,1,38
9,7,1,38
9,8,1,38
10,3,1,38
11,6,1,38
12,8,1,38
0,1,1,39
0,13,0,39
1,2,1,39
1,3,1,39
1,4,1,39
1,5,2,39
1,6,2,39
1,7,2,39
1,8,1,39
1,9,1,39
1,13,1,39
2,1,1,39
2,3,1,39
2,4,2,39
2,5,2,39
2,6,2,39
2,7,2,39
2,8,2,39
2,9,2,39
3,1,1,39
3,2,1,39
3,4,1,39
3,5,2,39
3,6,2,39
3,7,2,39
3,8,2,39
3,9,2,39
3,10,1,39
4,1,1,39
4,2,2,39
4,3,1,39
4,5,1,39
4,6,1,39
4,7,2,39
4,8,2,39
4,9,1,39
5,1,2,39
5,2,2,39
5,3,2,39
5,4,1,39
5,6,1,39
5,7,1,39
5,8,2,39
5,9,1,39
6,1,2,39
6,2,2,39
6,3,2,39
6,4,1,39
6,5,1,39
6,7,1,39
6,8,1,39
6,9,1,39
6,11,1,39
7,1,2,39
7,2,2,39
7,3,2,39
7,4,2,39
7,5,1,39
7,6,1,39
7,8,1,39
7,9,1,39
8,1,1,39
8,2,2,39
8,3,2,39
8,4,2,39
8,5,2,39
8,6,1,39
8,7,1,39
8,9,1,39
8,12,1,39
9,1,1,39
9,2,2,39
9,3,2,39
9,4,1,39
9,5,1,39
9,6,1,39
9,7,1,39
9,8,1,39
10,3,1,39
11,6,1,39
12,8,1,39
0,1,1,40
0,13,0,40
1,2,1,40
1,3,1,40
1,4,1,40
1,5,2,40
1,6,2,40
1,7,2,40
1,8,1,40
1,9,1,40
1,13,1,40
2,1,1,40
2,3,1,40
2,4,2,40
2,5,2,40
2,6,2,40
2,7,2,40
2,8,2,40
2,9,2,40
3,1,1,40
3,2,1,40
3,4,1,40
3,5,2,40
3,6,2,40
3,7,2,40
3,8,2,40
3,9,2,40
3,10,1,40
4,1,1,40
4,2,2,40
4,3,1,40
4,5,1,40
4,6,1,40
4,7,2,40
4,8,2,40
4,9,1,40
5,1,2,40
5,2,2,40
5,3,2,40
5,4,1,40
5,6,1,40
5,7,1,40
5,8,2,40
5,9,1,40
6,1,2,40
6,2,2,40
6,3,2,40
6,4,1,40
6,5,1,40
6,7,1,40
6,8,1,40
6,9,1,40
6,11,1,40
7,1,2,40
7,2,2,40
7,3,2,40
7,4,2,40
7,5,1,40
7,6,1,40
7,8,1,40
7,9,1,40
8,1,1,40
8,2,2,40
8,3,2,40
8,4,2,40
8,5,2,40
8,6,1,40
8,7,1,40
8,9,1,40
8,12,1,40
9,1,1,40
9,2,2,40
9,3,2,40
9,4,1,40
9,5,1,40
9,6,1,40
9,7,1,40
9,8,1,40
10,3,1,40
11,6,1,40
12,8,1,40
0,1,1,41
0,13,0,41
1,2,1,41
1,3,1,41
1,4,1,41
1,5,2,41
1,6,2,41
1,7,2,41
1,8,1,41
1,9,1,41
1,13,1,41
2,1,1,41
2,3,1,41
2,4,2,41
2,5,2,41
2,6,2,41
2,7,2,41
2,8,2,41
2,9,2,41
3,1,1,41
3,2,1,41
3,4,1,41
3,5,2,41
3,6,2,41
3,7,2,41
3,8,2,41
3,9,2,41
3,10,1,41
4,1,1,41
4,2,2,41
4,3,1,41
4,5,1,41
4,6,1,41
4,7,2,41
4,8,2,41
4,9,1,41
5,1,2,41
5,2,2,41
5,3,2,41
5,4,1,41
5,6,1,41
5,7,1,41
5,8,2,41
5,9,1,41
6,1,2,41
6,2,2,41
6,3,2,41
6,4,1,41
6,5,1,41
6,7,1,41
6,8,1,41
6,9,1,41
6,11,1,41
7,1,2,41
7,2,2,41
7,3,2,41
7,4,2,41
7,5,1,41
7,6,1,41
7,8,1,41
7,9,1,41
8,1,1,41
8,2,2,41
8,3,2,41
8,4,2,41
8,5,2,41
8,6,1,41
8,7,1,41
8,9,1,41
8,12,1,41
9,1,1,41
9,2,2,41
9,3,2,41
9,4,1,41
9,5,1,41
9,6,1,41
9,7,1,41
9,8,1,41
10,3,1,41
11,6,1,41
12,8,1,41
0,1,1,42
0,13,0,42
1,2,1,42
1,3,1,42
1,4,1,42
1,5,2,42
1,6,2,42
1,7,2,42
1,8,1,42
1,9,1,42
1,13,1,42
2,1,1,42
2,3,1,42
2,4,2,42
2,5,2,42
2,6,2,42
2,7,2,42
2,8,2,42
2,9,2,42
3,1,1,42
3,2,1,42
3,4,1,42
3,5,2,42
3,6,2,42
3,7,2,42
3,8,2,42
3,9,2,42
3,10,1,42
4,1,1,42
4,2,2,42
4,3,1,42
4,5,1,42
4,6,1,42
4,7,2,42
4,8,2,42
4,9,1,42
5,1,2,42
5,2,2,42
5,3,2,42
5,4,1,42
5,6,1,42
5,7,1,42
5,8,2,42
5,9,1,42
6,1,2,42
6,2,2,42
6,3,2,42
6,4,1,42
6,5,1,42
6,7,1,42
6,8,1,42
6,9,1,42
6,11,1,42
7,1,2,42
7,2,2,42
7,3,2,42
7,4,2,42
7,5,1,42
7,6,1,42
7,8,1,42
7,9,1,42
8,1,1,42
8,2,2,42
8,3,2,42
8,4,2,42
8,5,2,42
8,6,1,42
8,7,1,42
8,9,1,42
8,12,1,42
9,1,1,42
9,2,2,42
9,3,2,42
9,4,1,42
9,5,1,42
9,6,1,42
9,7,1,42
9,8,1,42
10,3,1,42
11,6,1,42
12,8,1,42
0,1,1,43
0,13,0,43
1,2,1,43
1,3,1,43
1,4,1,43
1,5,2,43
1,6,2,43
1,7,2,43
1,8,1,43
1,9,1,43
1,13,1,43
2,1,1,43
2,3,1,43
2,4,2,43
2,5,2,43
2,6,2,43
2,7,2,43
2,8,2,43
2,9,2,43
3,1,1,43
3,2,1,43
3,4,1,43
3,5,2,43
3,6,2,43
3,7,2,43
3,8,2,43
3,9,2,43
3,10,1,43
4,1,1,43
4,2,2,43
4,3,1,43
4,5,1,43
4,6,1,43
4,7,2,43
4,8,2,43
4,9,1,43
5,1,2,43
5,2,2,43
5,3,2,43
5,4,1,43
5,6,1,43
5,7,1,43
5,8,2,43
5,9,1,43
6,1,2,43
6,2,2,43
6,3,2,43
6,4,1,43
6,5,1,43
6,7,1,43
6,8,1,43
6,9,1,43
6,11,1,43
7,1,2,43
7,2,2,43
7,3,2,43
7,4,2,43
7,5,1,43
7,6,1,43
7,8,1,43
7,9,1,43
8,1,1,43
8,2,2,43
8,3,2,43
8,4,2,43
8,5,2,43
8,6,1,43
8,7,1,43
8,9,1,43
8,12,1,43
9,1,1,43
9,2,2,43
9,3,2,43
9,4,1,43
9,5,1,43
9,6,1,43
9,7,1,43
9,8,1,43
10,3,1,43
11,6,1,43
12,8,1,43
0,1,1,44
0,13,0,44
1,2,1,44
1,3,1,44
1,4,1,44
1,5,2,44
1,6,2,44
1,7,2,44
1,8,1,44
1,9,1,44
1,13,1,44
2,1,1,44
2,3,1,44
2,4,2,44
2,5,2,44
2,6,2,44
2,7,2,44
2,8,2,44
2,9,2,44
3,1,1,44
3,2,1,44
3,4,1,44
3,5,2,44
3,6,2,44
3,7,2,44
3,8,2,44
3,9,2,44
3,10,1,44
4,1,1,44
4,2,2,44
4,3,1,44
4,5,1,44
4,6,1,44
4,7,2,44
4,8,2,44
4,9,1,44
5,1,2,44
5,2,2,44
5,3,2,44
5,4,1,44
5,6,1,44
5,7,1,44
5,8,2,44
5,9,1,44
6,1,2,44
6,2,2,44
6,3,2,44
6,4,1,44
6,5,1,44
6,7,1,44
6,8,1,44
6,9,1,44
6,11,1,44
7,1,2,44
7,2,2,44
7,3,2,44
7,4,2,44
7,5,1,44
7,6,1,44
7,8,1,44
7,9,1,44
8,1,1,44
8,2,2,44
8,3,2,44
8,4,2,44
8,5,2,44
8,6,1,44
8,7,1,44
8,9,1,44
8,12,1,44
9,1,1,44
9,2,2,44
9,3,2,44
9,4,1,44
9,5,1,44
9,6,1,44
9,7,1,44
9,8,1,44
10,3,1,44
11,6,1,44
12,8,1,44
0,1,1,45
0,13,0,45
1,2,1,45
1,3,1,45
1,4,1,45
1,5,2,45
1,6,2,45
1,7,2,45
1,8,1,45
1,9,1,45
1,13,1,45
2,1,1,45
2,3,1,45
2,4,2,45
2,5,2,45
2,6,2,45
2,7,2,45
2,8,2,45
2,9,2,45
3,1,1,45
3,2,1,45
3,4,1,45
3,5,2,45
3,6,2,45
3,7,2,45
3,8,2,45
3,9,2,45
3,10,1,45
4,1,1,45
4,2,2,45
4,3,1,45
4,5,1,45
4,6,1,45
4,7,2,45
4,8,2,45
4,9,1,45
5,1,2,45
5,2,2,45
5,3,2,45
5,4,1,45
5,6,1,45
5,7,1,45
5,8,2,45
5,9,1,45
6,1,2,45
6,2,2,45
6,3,2,45
6,4,1,45
6,5,1,45
6,7,1,45
6,8,1,45
6,9,1,45
6,11,1,45
7,1,2,45
7,2,2,45
7,3,2,45
7,4,2,45
7,5,1,45
7,6,1,45
7,8,1,45
7,9,1,45
8,1,1,45
8,2,2,45
8,3,2,45
8,4,2,45
8,5,2,45
8,6,1,45
8,7,1,45
8,9,1,45
8,12,1,45
9,1,1,45
9,2,2,45
9,3,2,45
9,4,1,45
9,5,1,45
9,6,1,45
9,7,1,45
9,8,1,45
10,3,1,45
11,6,1,45
12,8,1,45
0,1,1,46
0,13,0,46
1,2,1,46
1,3,1,46
1,4,1,46
1,5,2,46
1,6,2,46
1,7,2,46
1,8,1,46
1,9,1,46
1,13,1,46
2,1,1,46
2,3,1,46
2,4,2,46
2,5,2,46
2,6,2,46
2,7,2,46
2,8,2,46
2,9,2,46
3,1,1,46
3,2,1,46
3,4,1,46
3,5,2,46
3,6,2,46
3,7,2,46
3,8,2,46
3,9,2,46
3,10,1,46
4,1,1,46
4,2,2,46
4,3,1,46
4,5,1,46
4,6,1,46
4,7,2,46
4,8,2,46
4,9,1,46
5,1,2,46
5,2,2,46
5,3,2,46
5,4,1,46
5,6,1,46
5,7,1,46
5,8,2,46
5,9,1,46
6,1,2,46
6,2,2,46
6,3,2,46
6,4,1,46
6,5,1,46
6,7,1,46
6,8,1,46
6,9,1,46
6,11,1,46
7,1,2,46
7,2,2,46
7,3,2,46
7,4,2,46
7,5,1,46
7,6,1,46
7,8,1,46
7,9,1,46
8,1,1,46
8,2,2,46
8,3,2,46
8,4,2,46
8,5,2,46
8,6,1,46
8,7,1,46
8,9,1,46
8,12,1,46
9,1,1,46
9,2,2,46
9,3,2,46
9,4,1,46
9,5,1,46
9,6,1,46
9,7,1,46
9,8,1,46
10,3,1,46
11,6,1,46
12,8,1,46
0,1,1,47
0,13,0,47
1,2,1,47
1,3,1,47
1,4,1,47
1,5,2,47
1,6,2,47
1,7,2,47
1,8,1,47
1,9,1,47
1,13,1,47
2,1,1,47
2,3,1,47
2,4,2,47
2,5,2,47
2,6,2,47
2,7,2,47
2,8,2,47
2,9,2,47
3,1,1,47
3,2,1,47
3,4,1,47
3,5,2,47
3,6,2,47
3,7,2,47
3,8,2,47
3,9,2,47
3,10,1,47
4,1,1,47
4,2,2,47
4,3,1,47
4,5,1,47
4,6,1,47
4,7,2,47
4,8,2,47
4,9,1,47
5,1,2,47
5,2,2,47
5,3,2,47
5,4,1,47
5,6,1,47
5,7,1,47
5,8,2,47
5,9,1,47
6,1,2,47
6,2,2,47
6,3,2,47
6,4,1,47
6,5,1,47
6,7,1,47
6,8,1,47
6,9,1,47
6,11,1,47
7,1,2,47
7,2,2,47
7,3,2,47
7,4,2,47
7,5,1,47
7,6,1,47
7,8,1,47
7,9,1,47
8,1,1,47
8,2,2,47
8,3,2,47
8,4,2,47
8,5,2,47
8,6,1,47
8,7,1,47
8,9,1,47
8,12,1,47
9,1,1,47
9,2,2,47
9,3,2,47
9,4,1,47
9,5,1,47
9,6,1,47
9,7,1,47
9,8,1,47
10,3,1,47
11,6,1,47
12,8,1,47
0,1,1,48
0,13,0,48
1,2,1,48
1,3,1,48
1,4,1,48
1,5,2,48
1,6,2,48
1,7,2,48
1,8,1,48
1,9,1,48
1,13,1,48
2,1,1,48
2,3,1,48
2,4,2,48
2,5,2,48
2,6,2,48
2,7,2,48
2,8,2,48
2,9,2,48
3,1,1,48
3,2,1,48
3,4,1,48
3,5,2,48
3,6,2,48
3,7,2,48
3,8,2,48
3,9,2,48
3,10,1,48
4,1,1,48
4,2,2,48
4,3,1,48
4,5,1,48
4,6,1,48
4,7,2,48
4,8,2,48
4,9,1,48
5,1,2,48
5,2,2,48
5,3,2,48
5,4,1,48
5,6,1,48
5,7,1,48
5,8,2,48
5,9,1,48
6,1,2,48
6,2,2,48
6,3,2,48
6,4,1,48
6,5,1,48
6,7,1,48
6,8,1,48
6,9,1,48
6,11,1,48
7,1,2,48
7,2,2,48
7,3,2,48
7,4,2,48
7,5,1,48
7,6,1,48
7,8,1,48
7,9,1,48
8,1,1,48
8,2,2,48
8,3,2,48
8,4,2,48
8,5,2,48
8,6,1,48
8,7,1,48
8,9,1,48
8,12,1,48
9,1,1,48
9,2,2,48
9,3,2,48
9,4,1,48
9,5,1,48
9,6,1,48
9,7,1,48
9,8,1,48
10,3,1,48
11,6,1,48
12,8,1,48
0,1,1,49
0,13,0,49
1,2,1,49
1,3,1,49
1,4,1,49
1,5,2,49
1,6,2,49
1,7,2,49
1,8,1,49
1,9,1,49
1,13,1,49
2,1,1,49
2,3,1,49
2,4,2,49
2,5,2,49
2,6,2,49
2,7,2,49
2,8,2,49
2,9,2,49
3,1,1,49
3,2,1,49
3,4,1,49
3,5,2,49
3,6,2,49
3,7,2,49
3,8,2,49
3,9,2,49
3,10,1,49
4,1,1,49
4,2,2,49
4,3,1,49
4,5,1,49
4,6,1,49
4,7,2,49
4,8,2,49
4,9,1,49
5,1,2,49
5,2,2,49
5,3,2,49
5,4,1,49
5,6,1,49
5,7,1,49
5,8,2,49
5,9,1,49
6,1,2,49
6,2,2,49
6,3,2,49
6,4,1,49
6,5,1,49
6,7,1,49
6,8,1,49
6,9,1,49
6,11,1,49
7,1,2,49
7,2,2,49
7,3,2,49
7,4,2,49
7,5,1,49
7,6,1,49
7,8,1,49
7,9,1,49
8,1,1,49
8,2,2,49
8,3,2,49
8,4,2,49
8,5,2,49
8,6,1,49
8,7,1,49
8,9,1,49
8,12,1,49
9,1,1,49
9,2,2,49
9,3,2,49
9,4,1,49
9,5,1,49
9,6,1,49
9,7,1,49
9,8,1,49
10,3,1,49
11,6,1,49
12,8,1,49
0,1,1,50
0,13,0,50
1,2,1,50
1,3,1,50
1,4,1,50
1,5,2,50
1,6,2,50
1,7,2,50
1,8,1,50
1,9,1,50
1,13,1,50
2,1,1,50
2,3,1,50
2,4,2,50
2,5,2,50
2,6,2,50
2,7,2,50
2,8,2,50
2,9,2,50
3,1,1,50
3,2,1,50
3,4,1,50
3,5,2,50
3,6,2,50
3,7,2,50
3,8,2,50
3,9,2,50
3,10,1,50
4,1,1,50
4,2,2,50
4,3,1,50
4,5,1,50
4,6,1,50
4,7,2,50
4,8,2,50
4,9,1,50
5,1,2,50
5,2,2,50
5,3,2,50
5,4,1,50
5,6,1,50
5,7,1,50
5,8,2,50
5,9,1,50
6,1,2,50
6,2,2,50
6,3,2,50
6,4,1,50
6,5,1,50
6,7,1,50
6,8,1,50
6,9,1,50
6,11,1,50
7,1,2,50
7,2,2,50
7,3,2,50
7,4,2,50
7,5,1,50
7,6,1,50
7,8,1,50
7,9,1,50
8,1,1,50
8,2,2,50
8,3,2,50
8,4,2,50
8,5,2,50
8,6,1,50
8,7,1,50
8,9,1,50
8,12,1,50
9,1,1,50
9,2,2,50
9,3,2,50
9,4,1,50
9,5,1,50
9,6,1,50
9,7,1,50
9,8,1,50
10,3,1,50
11,6,1,50
12,8,1,50
0,1,1,51
0,13,0,51
1,2,1,51
1,3,1,51
1,4,1,51
1,5,2,51
1,6,2,51
1,7,2,51
1,8,1,51
1,9,1,51
1,13,1,51
2,1,1,51
2,3,1,51
2,4,2,51
2,5,2,51
2,6,2,51
2,7,2,51
2,8,2,51
2,9,2,51
3,1,1,51
3,2,1,51
3,4,1,51
3,5,2,51
3,6,2,51
3,7,2,51
3,8,2,51
3,9,2,51
3,10,1,51
4,1,1,51
4,2,2,51
4,3,1,51
4,5,1,51
4,6,1,51
4,7,2,51
4,8,2,51
4,9,1,51
5,1,2,51
5,2,2,51
5,3,2,51
5,4,1,51
5,6,1,51
5,7,1,51
5,8,2,51
5,9,1,51
6,1,2,51
6,2,2,51
6,3,2,51
6,4,1,51
6,5,1,51
6,7,1,51
6,8,1,51
6,9,1,51
6,11,1,51
7,1,2,51
7,2,2,51
7,3,2,51
7,4,2,51
7,5,1,51
7,6,1,51
7,8,1,51
7,9,1,51
8,1,1,51
8,2,2,51
8,3,2,51
8,4,2,51
8,5,2,51
8,6,1,51
8,7,1,51
8,9,1,51
8,12,1,51
9,1,1,51
9,2,2,51
9,3,2,51
9,4,1,51
9,5,1,51
9,6,1,51
9,7,1,51
9,8,1,51
10,3,1,51
11,6,1,51
12,8,1,51
0,1,1,52
0,13,0,52
1,2,1,52
1,3,1,52
1,4,1,52
1,5,2,52
1,6,2,52
1,7,2,52
1,8,1,52
1,9,1,52
1,13,1,52
2,1,1,52
2,3,1,52
2,4,2,52
2,5,2,52
2,6,2,52
2,7,2,52
2,8,2,52
2,9,2,52
3,1,1,52
3,2,1,52
3,4,1,52
3,5,2,52
3,6,2,52
3,7,2,52
3,8,2,52
3,9,2,52
3,10,1,52
4,1,1,52
4,2,2,52
4,3,1,52
4,5,1,52
4,6,1,52
4,7,2,52
4,8,2,52
4,9,1,52
5,1,2,52
5,2,2,52
5,3,2,52
5,4,1,52
5,6,1,52
5,7,1,52
5,8,2,52
5,9,1,52
6,1,2,52
6,2,2,52
6,3,2,52
6,4,1,52
6,5,1,52
6,7,1,52
6,8,1,52
6,9,1,52
6,11,1,52
7,1,2,52
7,2,2,52
7,3,2,52
7,4,2,52
7,5,1,52
7,6,1,52
7,8,1,52
7,9,1,52
8,1,1,52
8,2,2,52
8,3,2,52
8,4,2,52
8,5,2,52
8,6,1,52
8,7,1,52
8,9,1,52
8,12,1,52
9,1,1,52
9,2,2,52
9,3,2,52
9,4,1,52
9,5,1,52
9,6,1,52
9,7,1,52
9,8,1,52
10,3,1,52
11,6,1,52
12,8,1,52
0,1,1,53
0,13,0,53
1,2,1,53
1,3,1,53
1,4,1,53
1,5,2,53
1,6,2,53
1,7,2,53
1,8,1,53
1,9,1,53
1,13,1,53
2,1,1,53
2,3,1,53
2,4,2,53
2,5,2,53
2,6,2,53
2,7,2,53
2,8,2,53
2,9,2,53
3,1,1,53
3,2,1,53
3,4,1,53
3,5,2,53
3,6,2,53
3,7,2,53
3,8,2,53
3,9,2,53
3,10,1,53
4,1,1,53
4,2,2,53
4,3,1,53
4,5,1,53
4,6,1,53
4,7,2,53
4,8,2,53
4,9,1,53
5,1,2,53
5,2,2,53
5,3,2,53
5,4,1,53
5,6,1,53
5,7,1,53
5,8,2,53
5,9,1,53
6,1,2,53
6,2,2,53
6,3,2,53
6,4,1,53
6,5,1,53
6,7,1,53
6,8,1,53
6,9,1,53
6,11,1,53
7,1,2,53
7,2,2,53
7,3,2,53
7,4,2,53
7,5,1,53
7,6,1,53
7,8,1,53
7,9,1,53
8,1,1,53
8,2,2,53
8,3,2,53
8,4,2,53
8,5,2,53
8,6,1,53
8,7,1,53
8,9,1,53
8,12,1,53
9,1,1,53
9,2,2,53
9,3,2,53
9,4,1,53
9,5,1,53
9,6,1,53
9,7,1,53
9,8,1,53
10,3,1,53
11,6,1,53
12,8,1,53
0,1,1,54
0,13,0,54
1,2,1,54
1,3,1,54
1,4,1,54
1,5,2,54
1,6,2,54
1,7,2,54
1,8,1,54
1,9,1,54
1,13,1,54
2,1,1,54
2,3,1,54
2,4,2,54
2,5,2,54
2,6,2,54
2,7,2,54
2,8,2,54
2,9,2,54
3,1,1,54
3,2,1,54
3,4,1,54
3,5,2,54
3,6,2,54
3,7,2,54
3,8,2,54
3,9,2,54
3,10,1,54
4,1,1,54
4,2,2,54
4,3,1,54
4,5,1,54
4,6,1,54
4,7,2,54
4,8,2,54
4,9,1,54
5,1,2,54
5,2,2,54
5,3,2,54
5,4,1,54
5,6,1,54
5,7,1,54
5,8,2,54
5,9,1,54
6,1,2,54
6,2,2,54
6,3,2,54
6,4,1,54
6,5,1,54
6,7,1,54
6,8,1,54
6,9,1,54
6,11,1,54
7,1,2,54
7,2,2,54
7,3,2,54
7,4,2,54
7,5,1,54
7,6,1,54
7,8,1,54
7,9,1,54
8,1,1,54
8,2,2,54
8,3,2,54
8,4,2,54
8,5,2,54
8,6,1,54
8,7,1,54
8,9,1,54
8,12,1,54
9,1,1,54
9,2,2,54
9,3,2,54
9,4,1,54
9,5,1,54
9,6,1,54
9,7,1,54
9,8,1,54
10,3,1,54
11,6,1,54
12,8,1,54
0,1,1,55
0,13,0,55
1,2,1,55
1,3,1,55
1,4,1,55
1,5,2,55
1,6,2,55
1,7,2,55
1,8,1,55
1,9,1,55
1,13,1,55
2,1,1,55
2,3,1,55
2,4,2,55
2,5,2,55
2,6,2,55
2,7,2,55
2,8,2,55
2,9,2,55
3,1,1,55
3,2,1,55
3,4,1,55
3,5,2,55
3,6,2,55
3,7,2,55
3,8,2,55
3,9,2,55
3,10,1,55
4,1,1,55
4,2,2,55
4,3,1,55
4,5,1,55
4,6,1,55
4,7,2,55
4,8,2,55
4,9,1,55
5,1,2,55
5,2,2,55
5,3,2,55
5,4,1,55
5,6,1,55
5,7,1,55
5,8,2,55
5,9,1,55
6,1,2,55
6,2,2,55
6,3,2,55
6,4,1,55
6,5,1,55
6,7,1,55
6,8,1,55
6,9,1,55
6,11,1,55
7,1,2,55
7,2,2,55
7,3,2,55
7,4,2,55
7,5,1,55
7,6,1,55
7,8,1,55
7,9,1,55
8,1,1,55
8,2,2,55
8,3,2,55
8,4,2,55
8,5,2,55
8,6,1,55
8,7,1,55
8,9,1,55
8,12,1,55
9,1,1,55
9,2,2,55
9,3,2,55
9,4,1,55
9,5,1,55
9,6,1,55
9,7,1,55
9,8,1,55
10,3,1,55
11,6,1,55
12,8,1,55
0,1,1,56
0,13,0,56
1,2,1,56
1,3,1,56
1,4,1,56
1,5,2,56
1,6,2,56
1,7,2,56
1,8,1,56
1,9,1,56
1,13,1,56
2,1,1,56
2,3,1,56
2,4,2,56
2,5,2,56
2,6,2,56
2,7,2,56
2,8,2,56
2,9,2,56
3,1,1,56
3,2,1,56
3,4,1,56
3,5,2,56
3,6,2,56
3,7,2,56
3,8,2,56
3,9,2,56
3,10,1,56
4,1,1,56
4,2,2,56
4,3,1,56
4,5,1,56
4,6,1,56
4,7,2,56
4,8,2,56
4,9,1,56
5,1,2,56
5,2,2,56
5,3,2,56
5,4,1,56
5,6,1,56
5,7,1,56
5,8,2,56
5,9,1,56
6,1,2,56
6,2,2,56
6,3,2,56
6,4,1,56
6,5,1,56
6,7,1,56
6,8,1,56
6,9,1,56
6,11,1,56
7,1,2,56
7,2,2,56
7,3,2,56
7,4,2,56
7,5,1,56
7,6,1,56
7,8,1,56
7,9,1,56
8,1,1,56
8,2,2,56
8,3,2,56
8,4,2,56
8,5,2,56
8,6,1,56
8,7,1,56
8,9,1,56
8,12,1,56
9,1,1,56
9,2,2,56
9,3,2,56
9,4,1,56
9,5,1,56
9,6,1,56
9,7,1,56
9,8,1,56
10,3,1,56
11,6,1,56
12,8,1,56
0,1,1,57
0,13,0,57
1,2,1,57
1,3,1,57
1,4,1,57
1,5,2,57
1,6,2,57
1,7,2,57
1,8,1,57
1,9,1,57
1,13,1,57
2,1,1,57
2,3,1,57
2,4,2,57
2,5,2,57
2,6,2,57
2,7,2,57
2,8,2,57
2,9,2,57
3,1,1,57
3,2,1,57
3,4,1,57
3,5,2,57
3,6,2,57
3,7,2,57
3,8,2,57
3,9,2,57
3,10,1,57
4,1,1,57
4,2,2,57
4,3,1,57
4,5,1,57
4,6,1,57
4,7,2,57
4,8,2,57
4,9,1,57
5,1,2,57
5,2,2,57
5,3,2,57
5,4,1,57
5,6,1,57
5,7,1,57
5,8,2,57
5,9,1,57
6,1,2,57
6,2,2,57
6,3,2,57
6,4,1,57
6,5,1,57
6,7,1,57
6,8,1,57
6,9,1,57
6,11,1,57
7,1,2,57
7,2,2,57
7,3,2,57
7,4,2,57
7,5,1,57
7,6,1,57
7,8,1,57
7,9,1,57
8,1,1,57
8,2,2,57
8,3,2,57
8,4,2,57
8,5,2,57
8,6,1,57
8,7,1,57
8,9,1,57
8,12,1,57
9,1,1,57
9,2,2,57
9,3,2,57
9,4,1,57
9,5,1,57
9,6,1,57
9,7,1,57
9,8,1,57
10,3,1,57
11,6,1,57
12,8,1,57
0,1,1,58
0,13,0,58
1,2,1,58
1,3,1,58
1,4,1,58
1,5,2,58
1,6,2,58
1,7,2,58
1,8,1,58
1,9,1,58
1,13,1,58
2,1,1,58
2,3,1,58
2,4,2,58
2,5,2,58
2,6,2,58
2,7,2,58
2,8,2,58
2,9,2,58
3,1,1,58
3,2,1,58
3,4,1,58
3,5,2,58
3,6,2,58
3,7,2,58
3,8,2,58
3,9,2,58
3,10,1,58
4,1,1,58
4,2,2,58
4,3,1,58
4,5,1,58
4,6,1,58
4,7,2,58
4,8,2,58
4,9,1,58
5,1,2,58
5,2,2,58
5,3,2,58
5,4,1,58
5,6,1,58
5,7,1,58
5,8,2,58
5,9,1,58
6,1,2,58
6,2,2,58
6,3,2,58
6,4,1,58
6,5,1,58
6,7,1,58
6,8,1,58
6,9,1,58
6,11,1,58
7,1,2,58
7,2,2,58
7,3,2,58
7,4,2,58
7,5,1,58
7,6,1,58
7,8,1,58
7,9,1,58
8,1,1,58
8,2,2,58
8,3,2,58
8,4,2,58
8,5,2,58
8,6,1,58
8,7,1,58
8,9,1,58
8,12,1,58
9,1,1,58
9,2,2,58
9,3,2,58
9,4,1,58
9,5,1,58
9,6,1,58
9,7,1,58
9,8,1,58
10,3,1,58
11,6,1,58
12,8,1,58
0,1,1,59
0,13,0,59
1,2,1,59
1,3,1,59
1,4,1,59
1,5,2,59
1,6,2,59
1,7,2,59
1,8,1,59
1,9,1,59
1,13,1,59
2,1,1,59
2,3,1,59
2,4,2,59
2,5,2,59
2,6,2,59
2,7,2,59
2,8,2,59
2,9,2,59
3,1,1,59
3,2,1,59
3,4,1,59
3,5,2,59
3,6,2,59
3,7,2,59
3,8,2,59
3,9,2,59
3,10,1,59
4,1,1,59
4,2,2,59
4,3,1,59
4,5,1,59
4,6,1,59
4,7,2,59
4,8,2,59
4,9,1,59
5,1,2,59
5,2,2,59
5,3,2,59
5,4,1,59
5,6,1,59
5,7,1,59
5,8,2,59
5,9,1,59
6,1,2,59
6,2,2,59
6,3,2,59
6,4,1,59
6,5,1,59
6,7,1,59
6,8,1,59
6,9,1,59
6,11,1,59
7,1,2,59
7,2,2,59
7,3,2,59
7,4,2,59
7,5,1,59
7,6,1,59
7,8,1,59
7,9,1,59
8,1,1,59
8,2,2,59
8,3,2,59
8,4,2,59
8,5,2,59
8,6,1,59
8,7,1,59
8,9,1,59
8,12,1,59
9,1,1,59
9,2,2,59
9,3,2,59
9,4,1,59
9,5,1,59
9,6,1,59
9,7,1,59
9,8,1,59
10,3,1,59
11,6,1,59
12,8,1,59
0,1,1,60
0,13,0,60
1,2,1,60
1,3,1,60
1,4,1,60
1,5,2,60
1,6,2,60
1,7,2,60
1,8,1,60
1,9,1,60
1,13,1,60
2,1,1,60
2,3,1,60
2,4,2,60
2,5,2,60
2,6,2,60
2,7,2,60
2,8,2,60
2,9,2,60
3,1,1,60
3,2,1,60
3,4,1,60
3,5,2,60
3,6,2,60
3,7,2,60
3,8,2,60
3,9,2,60
3,10,1,60
4,1,1,60
4,2,2,60
4,3,1,60
4,5,1,60
4,6,1,60
4,7,2,60
4,8,2,60
4,9,1,60
5,1,2,60
5,2,2,60
5,3,2,60
5,4,1,60
5,6,1,60
5,7,1,60
5,8,2,60
5,9,1,60
6,1,2,60
6,2,2,60
6,3,2,60
6,4,1,60
6,5,1,60
6,7,1,60
6,8,1,60
6,9,1,60
6,11,1,60
7,1,2,60
7,2,2,60
7,3,2,60
7,4,2,60
7,5,1,60
7,6,1,60
7,8,1,60
7,9,1,60
8,1,1,60
8,2,2,60
8,3,2,60
8,4,2,60
8,5,2,60
8,6,1,60
8,7,1,60
8,9,1,60
8,12,1,60
9,1,1,60
9,2,2,60
9,3,2,60
9,4,1,60
9,5,1,60
9,6,1,60
9,7,1,60
9,8,1,60
10,3,1,60
11,6,1,60
12,8,1,60
