from_node_id,to_node_id,driving_time_cost,length,time_stamp
0,1,1,10,0
0,32,0,0,0
1,2,8,80,0
1,3,2,20,0
1,32,1,10,0
2,1,8,80,0
2,6,2,20,0
2,29,1,10,0
3,1,2,20,0
3,4,3,30,0
3,12,4,40,0
4,3,3,30,0
4,5,3,30,0
4,11,4,40,0
4,25,1,10,0
5,4,3,30,0
5,6,3,30,0
5,9,2,20,0
6,2,2,20,0
6,5,3,30,0
6,8,2,20,0
6,31,1,10,0
7,8,3,30,0
7,18,2,20,0
8,6,2,20,0
8,7,3,30,0
8,9,3,30,0
8,16,2,20,0
9,5,2,20,0
9,8,3,30,0
9,10,2,20,0
10,9,2,20,0
10,11,3,30,0
10,16,3,30,0
10,17,4,40,0
10,15,4,40,0
11,4,4,40,0
11,10,3,30,0
11,14,4,40,0
11,12,3,30,0
12,3,4,40,0
12,11,3,30,0
12,13,9,90,0
12,26,1,10,0
13,12,9,90,0
13,24,3,30,0
13,30,1,10,0
14,11,4,40,0
14,15,3,30,0
14,23,2,20,0
14,27,1,10,0
15,10,4,40,0
15,19,3,30,0
15,22,2,20,0
15,14,3,30,0
16,8,2,20,0
16,18,3,30,0
16,17,2,20,0
16,10,3,30,0
17,16,2,20,0
17,19,2,20,0
17,10,4,40,0
18,7,2,20,0
18,28,1,10,0
18,20,10,100,0
18,16,3,30,0
19,17,2,20,0
19,20,5,50,0
19,15,3,30,0
20,18,10,100,0
20,19,5,50,0
20,21,3,30,0
20,22,4,40,0
21,20,3,30,0
21,22,3,30,0
21,24,3,30,0
22,15,2,20,0
22,20,4,40,0
22,21,3,30,0
22,23,3,30,0
23,14,2,20,0
23,22,3,30,0
23,24,3,30,0
24,23,3,30,0
24,21,3,30,0
24,13,3,30,0
25,4,1,10,0
26,12,1,10,0
27,14,1,10,0
28,18,1,10,0
29,2,1,10,0
30,13,1,10,0
31,6,1,10,0
0,1,1,10,1
0,32,0,0,1
1,2,8,80,1
1,3,2,20,1
1,32,1,10,1
2,1,8,80,1
2,6,2,20,1
2,29,1,10,1
3,1,2,20,1
3,4,3,30,1
3,12,4,40,1
4,3,3,30,1
4,5,3,30,1
4,11,4,40,1
4,25,1,10,1
5,4,3,30,1
5,6,3,30,1
5,9,2,20,1
6,2,2,20,1
6,5,3,30,1
6,8,2,20,1
6,31,1,10,1
7,8,3,30,1
7,18,2,20,1
8,6,2,20,1
8,7,3,30,1
8,9,3,30,1
8,16,2,20,1
9,5,2,20,1
9,8,3,30,1
9,10,2,20,1
10,9,2,20,1
10,11,3,30,1
10,16,3,30,1
10,17,4,40,1
10,15,4,40,1
11,4,4,40,1
11,10,3,30,1
11,14,4,40,1
11,12,3,30,1
12,3,4,40,1
12,11,3,30,1
12,13,9,90,1
12,26,1,10,1
13,12,9,90,1
13,24,3,30,1
13,30,1,10,1
14,11,4,40,1
14,15,3,30,1
14,23,2,20,1
14,27,1,10,1
15,10,4,40,1
15,19,3,30,1
15,22,2,20,1
15,14,3,30,1
16,8,2,20,1
16,18,3,30,1
16,17,2,20,1
16,10,3,30,1
17,16,2,20,1
17,19,2,20,1
17,10,4,40,1
18,7,2,20,1
18,28,1,10,1
18,20,10,100,1
18,16,3,30,1
19,17,2,20,1
19,20,5,50,1
19,15,3,30,1
20,18,10,100,1
20,19,5,50,1
20,21,3,30,1
20,22,4,40,1
21,20,3,30,1
21,22,3,30,1
21,24,3,30,1
22,15,2,20,1
22,20,4,40,1
22,21,3,30,1
22,23,3,30,1
23,14,2,20,1
23,22,3,30,1
23,24,3,30,1
24,23,3,30,1
24,21,3,30,1
24,13,3,30,1
25,4,1,10,1
26,12,1,10,1
27,14,1,10,1
28,18,1,10,1
29,2,1,10,1
30,13,1,10,1
31,6,1,10,1
0,1,1,10,2
0,32,0,0,2
1,2,8,80,2
1,3,2,20,2
1,32,1,10,2
2,1,8,80,2
2,6,2,20,2
2,29,1,10,2
3,1,2,20,2
3,4,3,30,2
3,12,4,40,2
4,3,3,30,2
4,5,3,30,2
4,11,4,40,2
4,25,1,10,2
5,4,3,30,2
5,6,3,30,2
5,9,2,20,2
6,2,2,20,2
6,5,3,30,2
6,8,2,20,2
6,31,1,10,2
7,8,3,30,2
7,18,2,20,2
8,6,2,20,2
8,7,3,30,2
8,9,3,30,2
8,16,2,20,2
9,5,2,20,2
9,8,3,30,2
9,10,2,20,2
10,9,2,20,2
10,11,3,30,2
10,16,3,30,2
10,17,4,40,2
10,15,4,40,2
11,4,4,40,2
11,10,3,30,2
11,14,4,40,2
11,12,3,30,2
12,3,4,40,2
12,11,3,30,2
12,13,9,90,2
12,26,1,10,2
13,12,9,90,2
13,24,3,30,2
13,30,1,10,2
14,11,4,40,2
14,15,3,30,2
14,23,2,20,2
14,27,1,10,2
15,10,4,40,2
15,19,3,30,2
15,22,2,20,2
15,14,3,30,2
16,8,2,20,2
16,18,3,30,2
16,17,2,20,2
16,10,3,30,2
17,16,2,20,2
17,19,2,20,2
17,10,4,40,2
18,7,2,20,2
18,28,1,10,2
18,20,10,100,2
18,16,3,30,2
19,17,2,20,2
19,20,5,50,2
19,15,3,30,2
20,18,10,100,2
20,19,5,50,2
20,21,3,30,2
20,22,4,40,2
21,20,3,30,2
21,22,3,30,2
21,24,3,30,2
22,15,2,20,2
22,20,4,40,2
22,21,3,30,2
22,23,3,30,2
23,14,2,20,2
23,22,3,30,2
23,24,3,30,2
24,23,3,30,2
24,21,3,30,2
24,13,3,30,2
25,4,1,10,2
26,12,1,10,2
27,14,1,10,2
28,18,1,10,2
29,2,1,10,2
30,13,1,10,2
31,6,1,10,2
0,1,1,10,3
0,32,0,0,3
1,2,8,80,3
1,3,2,20,3
1,32,1,10,3
2,1,8,80,3
2,6,2,20,3
2,29,1,10,3
3,1,2,20,3
3,4,3,30,3
3,12,4,40,3
4,3,3,30,3
4,5,3,30,3
4,11,4,40,3
4,25,1,10,3
5,4,3,30,3
5,6,3,30,3
5,9,2,20,3
6,2,2,20,3
6,5,3,30,3
6,8,2,20,3
6,31,1,10,3
7,8,3,30,3
7,18,2,20,3
8,6,2,20,3
8,7,3,30,3
8,9,3,30,3
8,16,2,20,3
9,5,2,20,3
9,8,3,30,3
9,10,2,20,3
10,9,2,20,3
10,11,3,30,3
10,16,3,30,3
10,17,4,40,3
10,15,4,40,3
11,4,4,40,3
11,10,3,30,3
11,14,4,40,3
11,12,3,30,3
12,3,4,40,3
12,11,3,30,3
12,13,9,90,3
12,26,1,10,3
13,12,9,90,3
13,24,3,30,3
13,30,1,10,3
14,11,4,40,3
14,15,3,30,3
14,23,2,20,3
14,27,1,10,3
15,10,4,40,3
15,19,3,30,3
15,22,2,20,3
15,14,3,30,3
16,8,2,20,3
16,18,3,30,3
16,17,2,20,3
16,10,3,30,3
17,16,2,20,3
17,19,2,20,3
17,10,4,40,3
18,7,2,20,3
18,28,1,10,3
18,20,10,100,3
18,16,3,30,3
19,17,2,20,3
19,20,5,50,3
19,15,3,30,3
20,18,10,100,3
20,19,5,50,3
20,21,3,30,3
20,22,4,40,3
21,20,3,30,3
21,22,3,30,3
21,24,3,30,3
22,15,2,20,3
22,20,4,40,3
22,21,3,30,3
22,23,3,30,3
23,14,2,20,3
23,22,3,30,3
23,24,3,30,3
24,23,3,30,3
24,21,3,30,3
24,13,3,30,3
25,4,1,10,3
26,12,1,10,3
27,14,1,10,3
28,18,1,10,3
29,2,1,10,3
30,13,1,10,3
31,6,1,10,3
0,1,1,10,4
0,32,0,0,4
1,2,8,80,4
1,3,2,20,4
1,32,1,10,4
2,1,8,80,4
2,6,2,20,4
2,29,1,10,4
3,1,2,20,4
3,4,3,30,4
3,12,4,40,4
4,3,3,30,4
4,5,3,30,4
4,11,4,40,4
4,25,1,10,4
5,4,3,30,4
5,6,3,30,4
5,9,2,20,4
6,2,2,20,4
6,5,3,30,4
6,8,2,20,4
6,31,1,10,4
7,8,3,30,4
7,18,2,20,4
8,6,2,20,4
8,7,3,30,4
8,9,3,30,4
8,16,2,20,4
9,5,2,20,4
9,8,3,30,4
9,10,2,20,4
10,9,2,20,4
10,11,3,30,4
10,16,3,30,4
10,17,4,40,4
10,15,4,40,4
11,4,4,40,4
11,10,3,30,4
11,14,4,40,4
11,12,3,30,4
12,3,4,40,4
12,11,3,30,4
12,13,9,90,4
12,26,1,10,4
13,12,9,90,4
13,24,3,30,4
13,30,1,10,4
14,11,4,40,4
14,15,3,30,4
14,23,2,20,4
14,27,1,10,4
15,10,4,40,4
15,19,3,30,4
15,22,2,20,4
15,14,3,30,4
16,8,2,20,4
16,18,3,30,4
16,17,2,20,4
16,10,3,30,4
17,16,2,20,4
17,19,2,20,4
17,10,4,40,4
18,7,2,20,4
18,28,1,10,4
18,20,10,100,4
18,16,3,30,4
19,17,2,20,4
19,20,5,50,4
19,15,3,30,4
20,18,10,100,4
20,19,5,50,4
20,21,3,30,4
20,22,4,40,4
21,20,3,30,4
21,22,3,30,4
21,24,3,30,4
22,15,2,20,4
22,20,4,40,4
22,21,3,30,4
22,23,3,30,4
23,14,2,20,4
23,22,3,30,4
23,24,3,30,4
24,23,3,30,4
24,21,3,30,4
24,13,3,30,4
25,4,1,10,4
26,12,1,10,4
27,14,1,10,4
28,18,1,10,4
29,2,1,10,4
30,13,1,10,4
31,6,1,10,4
0,1,1,10,5
0,32,0,0,5
1,2,8,80,5
1,3,2,20,5
1,32,1,10,5
2,1,8,80,5
2,6,2,20,5
2,29,1,10,5
3,1,2,20,5
3,4,3,30,5
3,12,4,40,5
4,3,3,30,5
4,5,3,30,5
4,11,4,40,5
4,25,1,10,5
5,4,3,30,5
5,6,3,30,5
5,9,2,20,5
6,2,2,20,5
6,5,3,30,5
6,8,2,20,5
6,31,1,10,5
7,8,3,30,5
7,18,2,20,5
8,6,2,20,5
8,7,3,30,5
8,9,3,30,5
8,16,2,20,5
9,5,2,20,5
9,8,3,30,5
9,10,2,20,5
10,9,2,20,5
10,11,3,30,5
10,16,3,30,5
10,17,4,40,5
10,15,4,40,5
11,4,4,40,5
11,10,3,30,5
11,14,4,40,5
11,12,3,30,5
12,3,4,40,5
12,11,3,30,5
12,13,9,90,5
12,26,1,10,5
13,12,9,90,5
13,24,3,30,5
13,30,1,10,5
14,11,4,40,5
14,15,3,30,5
14,23,2,20,5
14,27,1,10,5
15,10,4,40,5
15,19,3,30,5
15,22,2,20,5
15,14,3,30,5
16,8,2,20,5
16,18,3,30,5
16,17,2,20,5
16,10,3,30,5
17,16,2,20,5
17,19,2,20,5
17,10,4,40,5
18,7,2,20,5
18,28,1,10,5
18,20,10,100,5
18,16,3,30,5
19,17,2,20,5
19,20,5,50,5
19,15,3,30,5
20,18,10,100,5
20,19,5,50,5
20,21,3,30,5
20,22,4,40,5
21,20,3,30,5
21,22,3,30,5
21,24,3,30,5
22,15,2,20,5
22,20,4,40,5
22,21,3,30,5
22,23,3,30,5
23,14,2,20,5
23,22,3,30,5
23,24,3,30,5
24,23,3,30,5
24,21,3,30,5
24,13,3,30,5
25,4,1,10,5
26,12,1,10,5
27,14,1,10,5
28,18,1,10,5
29,2,1,10,5
30,13,1,10,5
31,6,1,10,5
0,1,1,10,6
0,32,0,0,6
1,2,8,80,6
1,3,2,20,6
1,32,1,10,6
2,1,8,80,6
2,6,2,20,6
2,29,1,10,6
3,1,2,20,6
3,4,3,30,6
3,12,4,40,6
4,3,3,30,6
4,5,3,30,6
4,11,4,40,6
4,25,1,10,6
5,4,3,30,6
5,6,3,30,6
5,9,2,20,6
6,2,2,20,6
6,5,3,30,6
6,8,2,20,6
6,31,1,10,6
7,8,3,30,6
7,18,2,20,6
8,6,2,20,6
8,7,3,30,6
8,9,3,30,6
8,16,2,20,6
9,5,2,20,6
9,8,3,30,6
9,10,2,20,6
10,9,2,20,6
10,11,3,30,6
10,16,3,30,6
10,17,4,40,6
10,15,4,40,6
11,4,4,40,6
11,10,3,30,6
11,14,4,40,6
11,12,3,30,6
12,3,4,40,6
12,11,3,30,6
12,13,9,90,6
12,26,1,10,6
13,12,9,90,6
13,24,3,30,6
13,30,1,10,6
14,11,4,40,6
14,15,3,30,6
14,23,2,20,6
14,27,1,10,6
15,10,4,40,6
15,19,3,30,6
15,22,2,20,6
15,14,3,30,6
16,8,2,20,6
16,18,3,30,6
16,17,2,20,6
16,10,3,30,6
17,16,2,20,6
17,19,2,20,6
17,10,4,40,6
18,7,2,20,6
18,28,1,10,6
18,20,10,100,6
18,16,3,30,6
19,17,2,20,6
19,20,5,50,6
19,15,3,30,6
20,18,10,100,6
20,19,5,50,6
20,21,3,30,6
20,22,4,40,6
21,20,3,30,6
21,22,3,30,6
21,24,3,30,6
22,15,2,20,6
22,20,4,40,6
22,21,3,30,6
22,23,3,30,6
23,14,2,20,6
23,22,3,30,6
23,24,3,30,6
24,23,3,30,6
24,21,3,30,6
24,13,3,30,6
25,4,1,10,6
26,12,1,10,6
27,14,1,10,6
28,18,1,10,6
29,2,1,10,6
30,13,1,10,6
31,6,1,10,6
0,1,1,10,7
0,32,0,0,7
1,2,8,80,7
1,3,2,20,7
1,32,1,10,7
2,1,8,80,7
2,6,2,20,7
2,29,1,10,7
3,1,2,20,7
3,4,3,30,7
3,12,4,40,7
4,3,3,30,7
4,5,3,30,7
4,11,4,40,7
4,25,1,10,7
5,4,3,30,7
5,6,3,30,7
5,9,2,20,7
6,2,2,20,7
6,5,3,30,7
6,8,2,20,7
6,31,1,10,7
7,8,3,30,7
7,18,2,20,7
8,6,2,20,7
8,7,3,30,7
8,9,3,30,7
8,16,2,20,7
9,5,2,20,7
9,8,3,30,7
9,10,2,20,7
10,9,2,20,7
10,11,3,30,7
10,16,3,30,7
10,17,4,40,7
10,15,4,40,7
11,4,4,40,7
11,10,3,30,7
11,14,4,40,7
11,12,3,30,7
12,3,4,40,7
12,11,3,30,7
12,13,9,90,7
12,26,1,10,7
13,12,9,90,7
13,24,3,30,7
13,30,1,10,7
14,11,4,40,7
14,15,3,30,7
14,23,2,20,7
14,27,1,10,7
15,10,4,40,7
15,19,3,30,7
15,22,2,20,7
15,14,3,30,7
16,8,2,20,7
16,18,3,30,7
16,17,2,20,7
16,10,3,30,7
17,16,2,20,7
17,19,2,20,7
17,10,4,40,7
18,7,2,20,7
18,28,1,10,7
18,20,10,100,7
18,16,3,30,7
19,17,2,20,7
19,20,5,50,7
19,15,3,30,7
20,18,10,100,7
20,19,5,50,7
20,21,3,30,7
20,22,4,40,7
21,20,3,30,7
21,22,3,30,7
21,24,3,30,7
22,15,2,20,7
22,20,4,40,7
22,21,3,30,7
22,23,3,30,7
23,14,2,20,7
23,22,3,30,7
23,24,3,30,7
24,23,3,30,7
24,21,3,30,7
24,13,3,30,7
25,4,1,10,7
26,12,1,10,7
27,14,1,10,7
28,18,1,10,7
29,2,1,10,7
30,13,1,10,7
31,6,1,10,7
0,1,1,10,8
0,32,0,0,8
1,2,8,80,8
1,3,2,20,8
1,32,1,10,8
2,1,8,80,8
2,6,2,20,8
2,29,1,10,8
3,1,2,20,8
3,4,3,30,8
3,12,4,40,8
4,3,3,30,8
4,5,3,30,8
4,11,4,40,8
4,25,1,10,8
5,4,3,30,8
5,6,3,30,8
5,9,2,20,8
6,2,2,20,8
6,5,3,30,8
6,8,2,20,8
6,31,1,10,8
7,8,3,30,8
7,18,2,20,8
8,6,2,20,8
8,7,3,30,8
8,9,3,30,8
8,16,2,20,8
9,5,2,20,8
9,8,3,30,8
9,10,2,20,8
10,9,2,20,8
10,11,3,30,8
10,16,3,30,8
10,17,4,40,8
10,15,4,40,8
11,4,4,40,8
11,10,3,30,8
11,14,4,40,8
11,12,3,30,8
12,3,4,40,8
12,11,3,30,8
12,13,9,90,8
12,26,1,10,8
13,12,9,90,8
13,24,3,30,8
13,30,1,10,8
14,11,4,40,8
14,15,3,30,8
14,23,2,20,8
14,27,1,10,8
15,10,4,40,8
15,19,3,30,8
15,22,2,20,8
15,14,3,30,8
16,8,2,20,8
16,18,3,30,8
16,17,2,20,8
16,10,3,30,8
17,16,2,20,8
17,19,2,20,8
17,10,4,40,8
18,7,2,20,8
18,28,1,10,8
18,20,10,100,8
18,16,3,30,8
19,17,2,20,8
19,20,5,50,8
19,15,3,30,8
20,18,10,100,8
20,19,5,50,8
20,21,3,30,8
20,22,4,40,8
21,20,3,30,8
21,22,3,30,8
21,24,3,30,8
22,15,2,20,8
22,20,4,40,8
22,21,3,30,8
22,23,3,30,8
23,14,2,20,8
23,22,3,30,8
23,24,3,30,8
24,23,3,30,8
24,21,3,30,8
24,13,3,30,8
25,4,1,10,8
26,12,1,10,8
27,14,1,10,8
28,18,1,10,8
29,2,1,10,8
30,13,1,10,8
31,6,1,10,8
0,1,1,10,9
0,32,0,0,9
1,2,8,80,9
1,3,2,20,9
1,32,1,10,9
2,1,8,80,9
2,6,2,20,9
2,29,1,10,9
3,1,2,20,9
3,4,3,30,9
3,12,4,40,9
4,3,3,30,9
4,5,3,30,9
4,11,4,40,9
4,25,1,10,9
5,4,3,30,9
5,6,3,30,9
5,9,2,20,9
6,2,2,20,9
6,5,3,30,9
6,8,2,20,9
6,31,1,10,9
7,8,3,30,9
7,18,2,20,9
8,6,2,20,9
8,7,3,30,9
8,9,3,30,9
8,16,2,20,9
9,5,2,20,9
9,8,3,30,9
9,10,2,20,9
10,9,2,20,9
10,11,3,30,9
10,16,3,30,9
10,17,4,40,9
10,15,4,40,9
11,4,4,40,9
11,10,3,30,9
11,14,4,40,9
11,12,3,30,9
12,3,4,40,9
12,11,3,30,9
12,13,9,90,9
12,26,1,10,9
13,12,9,90,9
13,24,3,30,9
13,30,1,10,9
14,11,4,40,9
14,15,3,30,9
14,23,2,20,9
14,27,1,10,9
15,10,4,40,9
15,19,3,30,9
15,22,2,20,9
15,14,3,30,9
16,8,2,20,9
16,18,3,30,9
16,17,2,20,9
16,10,3,30,9
17,16,2,20,9
17,19,2,20,9
17,10,4,40,9
18,7,2,20,9
18,28,1,10,9
18,20,10,100,9
18,16,3,30,9
19,17,2,20,9
19,20,5,50,9
19,15,3,30,9
20,18,10,100,9
20,19,5,50,9
20,21,3,30,9
20,22,4,40,9
21,20,3,30,9
21,22,3,30,9
21,24,3,30,9
22,15,2,20,9
22,20,4,40,9
22,21,3,30,9
22,23,3,30,9
23,14,2,20,9
23,22,3,30,9
23,24,3,30,9
24,23,3,30,9
24,21,3,30,9
24,13,3,30,9
25,4,1,10,9
26,12,1,10,9
27,14,1,10,9
28,18,1,10,9
29,2,1,10,9
30,13,1,10,9
31,6,1,10,9
0,1,1,10,10
0,32,0,0,10
1,2,8,80,10
1,3,2,20,10
1,32,1,10,10
2,1,8,80,10
2,6,2,20,10
2,29,1,10,10
3,1,2,20,10
3,4,3,30,10
3,12,4,40,10
4,3,3,30,10
4,5,3,30,10
4,11,4,40,10
4,25,1,10,10
5,4,3,30,10
5,6,3,30,10
5,9,2,20,10
6,2,2,20,10
6,5,3,30,10
6,8,2,20,10
6,31,1,10,10
7,8,3,30,10
7,18,2,20,10
8,6,2,20,10
8,7,3,30,10
8,9,3,30,10
8,16,2,20,10
9,5,2,20,10
9,8,3,30,10
9,10,2,20,10
10,9,2,20,10
10,11,3,30,10
10,16,3,30,10
10,17,4,40,10
10,15,4,40,10
11,4,4,40,10
11,10,3,30,10
11,14,4,40,10
11,12,3,30,10
12,3,4,40,10
12,11,3,30,10
12,13,9,90,10
12,26,1,10,10
13,12,9,90,10
13,24,3,30,10
13,30,1,10,10
14,11,4,40,10
14,15,3,30,10
14,23,2,20,10
14,27,1,10,10
15,10,4,40,10
15,19,3,30,10
15,22,2,20,10
15,14,3,30,10
16,8,2,20,10
16,18,3,30,10
16,17,2,20,10
16,10,3,30,10
17,16,2,20,10
17,19,2,20,10
17,10,4,40,10
18,7,2,20,10
18,28,1,10,10
18,20,10,100,10
18,16,3,30,10
19,17,2,20,10
19,20,5,50,10
19,15,3,30,10
20,18,10,100,10
20,19,5,50,10
20,21,3,30,10
20,22,4,40,10
21,20,3,30,10
21,22,3,30,10
21,24,3,30,10
22,15,2,20,10
22,20,4,40,10
22,21,3,30,10
22,23,3,30,10
23,14,2,20,10
23,22,3,30,10
23,24,3,30,10
24,23,3,30,10
24,21,3,30,10
24,13,3,30,10
25,4,1,10,10
26,12,1,10,10
27,14,1,10,10
28,18,1,10,10
29,2,1,10,10
30,13,1,10,10
31,6,1,10,10
0,1,1,10,11
0,32,0,0,11
1,2,8,80,11
1,3,2,20,11
1,32,1,10,11
2,1,8,80,11
2,6,2,20,11
2,29,1,10,11
3,1,2,20,11
3,4,3,30,11
3,12,4,40,11
4,3,3,30,11
4,5,3,30,11
4,11,4,40,11
4,25,1,10,11
5,4,3,30,11
5,6,3,30,11
5,9,2,20,11
6,2,2,20,11
6,5,3,30,11
6,8,2,20,11
6,31,1,10,11
7,8,3,30,11
7,18,2,20,11
8,6,2,20,11
8,7,3,30,11
8,9,3,30,11
8,16,2,20,11
9,5,2,20,11
9,8,3,30,11
9,10,2,20,11
10,9,2,20,11
10,11,3,30,11
10,16,3,30,11
10,17,4,40,11
10,15,4,40,11
11,4,4,40,11
11,10,3,30,11
11,14,4,40,11
11,12,3,30,11
12,3,4,40,11
12,11,3,30,11
12,13,9,90,11
12,26,1,10,11
13,12,9,90,11
13,24,3,30,11
13,30,1,10,11
14,11,4,40,11
14,15,3,30,11
14,23,2,20,11
14,27,1,10,11
15,10,4,40,11
15,19,3,30,11
15,22,2,20,11
15,14,3,30,11
16,8,2,20,11
16,18,3,30,11
16,17,2,20,11
16,10,3,30,11
17,16,2,20,11
17,19,2,20,11
17,10,4,40,11
18,7,2,20,11
18,28,1,10,11
18,20,10,100,11
18,16,3,30,11
19,17,2,20,11
19,20,5,50,11
19,15,3,30,11
20,18,10,100,11
20,19,5,50,11
20,21,3,30,11
20,22,4,40,11
21,20,3,30,11
21,22,3,30,11
21,24,3,30,11
22,15,2,20,11
22,20,4,40,11
22,21,3,30,11
22,23,3,30,11
23,14,2,20,11
23,22,3,30,11
23,24,3,30,11
24,23,3,30,11
24,21,3,30,11
24,13,3,30,11
25,4,1,10,11
26,12,1,10,11
27,14,1,10,11
28,18,1,10,11
29,2,1,10,11
30,13,1,10,11
31,6,1,10,11
0,1,1,10,12
0,32,0,0,12
1,2,8,80,12
1,3,2,20,12
1,32,1,10,12
2,1,8,80,12
2,6,2,20,12
2,29,1,10,12
3,1,2,20,12
3,4,3,30,12
3,12,4,40,12
4,3,3,30,12
4,5,3,30,12
4,11,4,40,12
4,25,1,10,12
5,4,3,30,12
5,6,3,30,12
5,9,2,20,12
6,2,2,20,12
6,5,3,30,12
6,8,2,20,12
6,31,1,10,12
7,8,3,30,12
7,18,2,20,12
8,6,2,20,12
8,7,3,30,12
8,9,3,30,12
8,16,2,20,12
9,5,2,20,12
9,8,3,30,12
9,10,2,20,12
10,9,2,20,12
10,11,3,30,12
10,16,3,30,12
10,17,4,40,12
10,15,4,40,12
11,4,4,40,12
11,10,3,30,12
11,14,4,40,12
11,12,3,30,12
12,3,4,40,12
12,11,3,30,12
12,13,9,90,12
12,26,1,10,12
13,12,9,90,12
13,24,3,30,12
13,30,1,10,12
14,11,4,40,12
14,15,3,30,12
14,23,2,20,12
14,27,1,10,12
15,10,4,40,12
15,19,3,30,12
15,22,2,20,12
15,14,3,30,12
16,8,2,20,12
16,18,3,30,12
16,17,2,20,12
16,10,3,30,12
17,16,2,20,12
17,19,2,20,12
17,10,4,40,12
18,7,2,20,12
18,28,1,10,12
18,20,10,100,12
18,16,3,30,12
19,17,2,20,12
19,20,5,50,12
19,15,3,30,12
20,18,10,100,12
20,19,5,50,12
20,21,3,30,12
20,22,4,40,12
21,20,3,30,12
21,22,3,30,12
21,24,3,30,12
22,15,2,20,12
22,20,4,40,12
22,21,3,30,12
22,23,3,30,12
23,14,2,20,12
23,22,3,30,12
23,24,3,30,12
24,23,3,30,12
24,21,3,30,12
24,13,3,30,12
25,4,1,10,12
26,12,1,10,12
27,14,1,10,12
28,18,1,10,12
29,2,1,10,12
30,13,1,10,12
31,6,1,10,12
0,1,1,10,13
0,32,0,0,13
1,2,8,80,13
1,3,2,20,13
1,32,1,10,13
2,1,8,80,13
2,6,2,20,13
2,29,1,10,13
3,1,2,20,13
3,4,3,30,13
3,12,4,40,13
4,3,3,30,13
4,5,3,30,13
4,11,4,40,13
4,25,1,10,13
5,4,3,30,13
5,6,3,30,13
5,9,2,20,13
6,2,2,20,13
6,5,3,30,13
6,8,2,20,13
6,31,1,10,13
7,8,3,30,13
7,18,2,20,13
8,6,2,20,13
8,7,3,30,13
8,9,3,30,13
8,16,2,20,13
9,5,2,20,13
9,8,3,30,13
9,10,2,20,13
10,9,2,20,13
10,11,3,30,13
10,16,3,30,13
10,17,4,40,13
10,15,4,40,13
11,4,4,40,13
11,10,3,30,13
11,14,4,40,13
11,12,3,30,13
12,3,4,40,13
12,11,3,30,13
12,13,9,90,13
12,26,1,10,13
13,12,9,90,13
13,24,3,30,13
13,30,1,10,13
14,11,4,40,13
14,15,3,30,13
14,23,2,20,13
14,27,1,10,13
15,10,4,40,13
15,19,3,30,13
15,22,2,20,13
15,14,3,30,13
16,8,2,20,13
16,18,3,30,13
16,17,2,20,13
16,10,3,30,13
17,16,2,20,13
17,19,2,20,13
17,10,4,40,13
18,7,2,20,13
18,28,1,10,13
18,20,10,100,13
18,16,3,30,13
19,17,2,20,13
19,20,5,50,13
19,15,3,30,13
20,18,10,100,13
20,19,5,50,13
20,21,3,30,13
20,22,4,40,13
21,20,3,30,13
21,22,3,30,13
21,24,3,30,13
22,15,2,20,13
22,20,4,40,13
22,21,3,30,13
22,23,3,30,13
23,14,2,20,13
23,22,3,30,13
23,24,3,30,13
24,23,3,30,13
24,21,3,30,13
24,13,3,30,13
25,4,1,10,13
26,12,1,10,13
27,14,1,10,13
28,18,1,10,13
29,2,1,10,13
30,13,1,10,13
31,6,1,10,13
0,1,1,10,14
0,32,0,0,14
1,2,8,80,14
1,3,2,20,14
1,32,1,10,14
2,1,8,80,14
2,6,2,20,14
2,29,1,10,14
3,1,2,20,14
3,4,3,30,14
3,12,4,40,14
4,3,3,30,14
4,5,3,30,14
4,11,4,40,14
4,25,1,10,14
5,4,3,30,14
5,6,3,30,14
5,9,2,20,14
6,2,2,20,14
6,5,3,30,14
6,8,2,20,14
6,31,1,10,14
7,8,3,30,14
7,18,2,20,14
8,6,2,20,14
8,7,3,30,14
8,9,3,30,14
8,16,2,20,14
9,5,2,20,14
9,8,3,30,14
9,10,2,20,14
10,9,2,20,14
10,11,3,30,14
10,16,3,30,14
10,17,4,40,14
10,15,4,40,14
11,4,4,40,14
11,10,3,30,14
11,14,4,40,14
11,12,3,30,14
12,3,4,40,14
12,11,3,30,14
12,13,9,90,14
12,26,1,10,14
13,12,9,90,14
13,24,3,30,14
13,30,1,10,14
14,11,4,40,14
14,15,3,30,14
14,23,2,20,14
14,27,1,10,14
15,10,4,40,14
15,19,3,30,14
15,22,2,20,14
15,14,3,30,14
16,8,2,20,14
16,18,3,30,14
16,17,2,20,14
16,10,3,30,14
17,16,2,20,14
17,19,2,20,14
17,10,4,40,14
18,7,2,20,14
18,28,1,10,14
18,20,10,100,14
18,16,3,30,14
19,17,2,20,14
19,20,5,50,14
19,15,3,30,14
20,18,10,100,14
20,19,5,50,14
20,21,3,30,14
20,22,4,40,14
21,20,3,30,14
21,22,3,30,14
21,24,3,30,14
22,15,2,20,14
22,20,4,40,14
22,21,3,30,14
22,23,3,30,14
23,14,2,20,14
23,22,3,30,14
23,24,3,30,14
24,23,3,30,14
24,21,3,30,14
24,13,3,30,14
25,4,1,10,14
26,12,1,10,14
27,14,1,10,14
28,18,1,10,14
29,2,1,10,14
30,13,1,10,14
31,6,1,10,14
0,1,1,10,15
0,32,0,0,15
1,2,8,80,15
1,3,2,20,15
1,32,1,10,15
2,1,8,80,15
2,6,2,20,15
2,29,1,10,15
3,1,2,20,15
3,4,3,30,15
3,12,4,40,15
4,3,3,30,15
4,5,3,30,15
4,11,4,40,15
4,25,1,10,15
5,4,3,30,15
5,6,3,30,15
5,9,2,20,15
6,2,2,20,15
6,5,3,30,15
6,8,2,20,15
6,31,1,10,15
7,8,3,30,15
7,18,2,20,15
8,6,2,20,15
8,7,3,30,15
8,9,3,30,15
8,16,2,20,15
9,5,2,20,15
9,8,3,30,15
9,10,2,20,15
10,9,2,20,15
10,11,3,30,15
10,16,3,30,15
10,17,4,40,15
10,15,4,40,15
11,4,4,40,15
11,10,3,30,15
11,14,4,40,15
11,12,3,30,15
12,3,4,40,15
12,11,3,30,15
12,13,9,90,15
12,26,1,10,15
13,12,9,90,15
13,24,3,30,15
13,30,1,10,15
14,11,4,40,15
14,15,3,30,15
14,23,2,20,15
14,27,1,10,15
15,10,4,40,15
15,19,3,30,15
15,22,2,20,15
15,14,3,30,15
16,8,2,20,15
16,18,3,30,15
16,17,2,20,15
16,10,3,30,15
17,16,2,20,15
17,19,2,20,15
17,10,4,40,15
18,7,2,20,15
18,28,1,10,15
18,20,10,100,15
18,16,3,30,15
19,17,2,20,15
19,20,5,50,15
19,15,3,30,15
20,18,10,100,15
20,19,5,50,15
20,21,3,30,15
20,22,4,40,15
21,20,3,30,15
21,22,3,30,15
21,24,3,30,15
22,15,2,20,15
22,20,4,40,15
22,21,3,30,15
22,23,3,30,15
23,14,2,20,15
23,22,3,30,15
23,24,3,30,15
24,23,3,30,15
24,21,3,30,15
24,13,3,30,15
25,4,1,10,15
26,12,1,10,15
27,14,1,10,15
28,18,1,10,15
29,2,1,10,15
30,13,1,10,15
31,6,1,10,15
0,1,1,10,16
0,32,0,0,16
1,2,8,80,16
1,3,2,20,16
1,32,1,10,16
2,1,8,80,16
2,6,2,20,16
2,29,1,10,16
3,1,2,20,16
3,4,3,30,16
3,12,4,40,16
4,3,3,30,16
4,5,3,30,16
4,11,4,40,16
4,25,1,10,16
5,4,3,30,16
5,6,3,30,16
5,9,2,20,16
6,2,2,20,16
6,5,3,30,16
6,8,2,20,16
6,31,1,10,16
7,8,3,30,16
7,18,2,20,16
8,6,2,20,16
8,7,3,30,16
8,9,3,30,16
8,16,2,20,16
9,5,2,20,16
9,8,3,30,16
9,10,2,20,16
10,9,2,20,16
10,11,3,30,16
10,16,3,30,16
10,17,4,40,16
10,15,4,40,16
11,4,4,40,16
11,10,3,30,16
11,14,4,40,16
11,12,3,30,16
12,3,4,40,16
12,11,3,30,16
12,13,9,90,16
12,26,1,10,16
13,12,9,90,16
13,24,3,30,16
13,30,1,10,16
14,11,4,40,16
14,15,3,30,16
14,23,2,20,16
14,27,1,10,16
15,10,4,40,16
15,19,3,30,16
15,22,2,20,16
15,14,3,30,16
16,8,2,20,16
16,18,3,30,16
16,17,2,20,16
16,10,3,30,16
17,16,2,20,16
17,19,2,20,16
17,10,4,40,16
18,7,2,20,16
18,28,1,10,16
18,20,10,100,16
18,16,3,30,16
19,17,2,20,16
19,20,5,50,16
19,15,3,30,16
20,18,10,100,16
20,19,5,50,16
20,21,3,30,16
20,22,4,40,16
21,20,3,30,16
21,22,3,30,16
21,24,3,30,16
22,15,2,20,16
22,20,4,40,16
22,21,3,30,16
22,23,3,30,16
23,14,2,20,16
23,22,3,30,16
23,24,3,30,16
24,23,3,30,16
24,21,3,30,16
24,13,3,30,16
25,4,1,10,16
26,12,1,10,16
27,14,1,10,16
28,18,1,10,16
29,2,1,10,16
30,13,1,10,16
31,6,1,10,16
0,1,1,10,17
0,32,0,0,17
1,2,8,80,17
1,3,2,20,17
1,32,1,10,17
2,1,8,80,17
2,6,2,20,17
2,29,1,10,17
3,1,2,20,17
3,4,3,30,17
3,12,4,40,17
4,3,3,30,17
4,5,3,30,17
4,11,4,40,17
4,25,1,10,17
5,4,3,30,17
5,6,3,30,17
5,9,2,20,17
6,2,2,20,17
6,5,3,30,17
6,8,2,20,17
6,31,1,10,17
7,8,3,30,17
7,18,2,20,17
8,6,2,20,17
8,7,3,30,17
8,9,3,30,17
8,16,2,20,17
9,5,2,20,17
9,8,3,30,17
9,10,2,20,17
10,9,2,20,17
10,11,3,30,17
10,16,3,30,17
10,17,4,40,17
10,15,4,40,17
11,4,4,40,17
11,10,3,30,17
11,14,4,40,17
11,12,3,30,17
12,3,4,40,17
12,11,3,30,17
12,13,9,90,17
12,26,1,10,17
13,12,9,90,17
13,24,3,30,17
13,30,1,10,17
14,11,4,40,17
14,15,3,30,17
14,23,2,20,17
14,27,1,10,17
15,10,4,40,17
15,19,3,30,17
15,22,2,20,17
15,14,3,30,17
16,8,2,20,17
16,18,3,30,17
16,17,2,20,17
16,10,3,30,17
17,16,2,20,17
17,19,2,20,17
17,10,4,40,17
18,7,2,20,17
18,28,1,10,17
18,20,10,100,17
18,16,3,30,17
19,17,2,20,17
19,20,5,50,17
19,15,3,30,17
20,18,10,100,17
20,19,5,50,17
20,21,3,30,17
20,22,4,40,17
21,20,3,30,17
21,22,3,30,17
21,24,3,30,17
22,15,2,20,17
22,20,4,40,17
22,21,3,30,17
22,23,3,30,17
23,14,2,20,17
23,22,3,30,17
23,24,3,30,17
24,23,3,30,17
24,21,3,30,17
24,13,3,30,17
25,4,1,10,17
26,12,1,10,17
27,14,1,10,17
28,18,1,10,17
29,2,1,10,17
30,13,1,10,17
31,6,1,10,17
0,1,1,10,18
0,32,0,0,18
1,2,8,80,18
1,3,2,20,18
1,32,1,10,18
2,1,8,80,18
2,6,2,20,18
2,29,1,10,18
3,1,2,20,18
3,4,3,30,18
3,12,4,40,18
4,3,3,30,18
4,5,3,30,18
4,11,4,40,18
4,25,1,10,18
5,4,3,30,18
5,6,3,30,18
5,9,2,20,18
6,2,2,20,18
6,5,3,30,18
6,8,2,20,18
6,31,1,10,18
7,8,3,30,18
7,18,2,20,18
8,6,2,20,18
8,7,3,30,18
8,9,3,30,18
8,16,2,20,18
9,5,2,20,18
9,8,3,30,18
9,10,2,20,18
10,9,2,20,18
10,11,3,30,18
10,16,3,30,18
10,17,4,40,18
10,15,4,40,18
11,4,4,40,18
11,10,3,30,18
11,14,4,40,18
11,12,3,30,18
12,3,4,40,18
12,11,3,30,18
12,13,9,90,18
12,26,1,10,18
13,12,9,90,18
13,24,3,30,18
13,30,1,10,18
14,11,4,40,18
14,15,3,30,18
14,23,2,20,18
14,27,1,10,18
15,10,4,40,18
15,19,3,30,18
15,22,2,20,18
15,14,3,30,18
16,8,2,20,18
16,18,3,30,18
16,17,2,20,18
16,10,3,30,18
17,16,2,20,18
17,19,2,20,18
17,10,4,40,18
18,7,2,20,18
18,28,1,10,18
18,20,10,100,18
18,16,3,30,18
19,17,2,20,18
19,20,5,50,18
19,15,3,30,18
20,18,10,100,18
20,19,5,50,18
20,21,3,30,18
20,22,4,40,18
21,20,3,30,18
21,22,3,30,18
21,24,3,30,18
22,15,2,20,18
22,20,4,40,18
22,21,3,30,18
22,23,3,30,18
23,14,2,20,18
23,22,3,30,18
23,24,3,30,18
24,23,3,30,18
24,21,3,30,18
24,13,3,30,18
25,4,1,10,18
26,12,1,10,18
27,14,1,10,18
28,18,1,10,18
29,2,1,10,18
30,13,1,10,18
31,6,1,10,18
0,1,1,10,19
0,32,0,0,19
1,2,8,80,19
1,3,2,20,19
1,32,1,10,19
2,1,8,80,19
2,6,2,20,19
2,29,1,10,19
3,1,2,20,19
3,4,3,30,19
3,12,4,40,19
4,3,3,30,19
4,5,3,30,19
4,11,4,40,19
4,25,1,10,19
5,4,3,30,19
5,6,3,30,19
5,9,2,20,19
6,2,2,20,19
6,5,3,30,19
6,8,2,20,19
6,31,1,10,19
7,8,3,30,19
7,18,2,20,19
8,6,2,20,19
8,7,3,30,19
8,9,3,30,19
8,16,2,20,19
9,5,2,20,19
9,8,3,30,19
9,10,2,20,19
10,9,2,20,19
10,11,3,30,19
10,16,3,30,19
10,17,4,40,19
10,15,4,40,19
11,4,4,40,19
11,10,3,30,19
11,14,4,40,19
11,12,3,30,19
12,3,4,40,19
12,11,3,30,19
12,13,9,90,19
12,26,1,10,19
13,12,9,90,19
13,24,3,30,19
13,30,1,10,19
14,11,4,40,19
14,15,3,30,19
14,23,2,20,19
14,27,1,10,19
15,10,4,40,19
15,19,3,30,19
15,22,2,20,19
15,14,3,30,19
16,8,2,20,19
16,18,3,30,19
16,17,2,20,19
16,10,3,30,19
17,16,2,20,19
17,19,2,20,19
17,10,4,40,19
18,7,2,20,19
18,28,1,10,19
18,20,10,100,19
18,16,3,30,19
19,17,2,20,19
19,20,5,50,19
19,15,3,30,19
20,18,10,100,19
20,19,5,50,19
20,21,3,30,19
20,22,4,40,19
21,20,3,30,19
21,22,3,30,19
21,24,3,30,19
22,15,2,20,19
22,20,4,40,19
22,21,3,30,19
22,23,3,30,19
23,14,2,20,19
23,22,3,30,19
23,24,3,30,19
24,23,3,30,19
24,21,3,30,19
24,13,3,30,19
25,4,1,10,19
26,12,1,10,19
27,14,1,10,19
28,18,1,10,19
29,2,1,10,19
30,13,1,10,19
31,6,1,10,19
0,1,1,10,20
0,32,0,0,20
1,2,8,80,20
1,3,2,20,20
1,32,1,10,20
2,1,8,80,20
2,6,2,20,20
2,29,1,10,20
3,1,2,20,20
3,4,3,30,20
3,12,4,40,20
4,3,3,30,20
4,5,3,30,20
4,11,4,40,20
4,25,1,10,20
5,4,3,30,20
5,6,3,30,20
5,9,2,20,20
6,2,2,20,20
6,5,3,30,20
6,8,2,20,20
6,31,1,10,20
7,8,3,30,20
7,18,2,20,20
8,6,2,20,20
8,7,3,30,20
8,9,3,30,20
8,16,2,20,20
9,5,2,20,20
9,8,3,30,20
9,10,2,20,20
10,9,2,20,20
10,11,3,30,20
10,16,3,30,20
10,17,4,40,20
10,15,4,40,20
11,4,4,40,20
11,10,3,30,20
11,14,4,40,20
11,12,3,30,20
12,3,4,40,20
12,11,3,30,20
12,13,9,90,20
12,26,1,10,20
13,12,9,90,20
13,24,3,30,20
13,30,1,10,20
14,11,4,40,20
14,15,3,30,20
14,23,2,20,20
14,27,1,10,20
15,10,4,40,20
15,19,3,30,20
15,22,2,20,20
15,14,3,30,20
16,8,2,20,20
16,18,3,30,20
16,17,2,20,20
16,10,3,30,20
17,16,2,20,20
17,19,2,20,20
17,10,4,40,20
18,7,2,20,20
18,28,1,10,20
18,20,10,100,20
18,16,3,30,20
19,17,2,20,20
19,20,5,50,20
19,15,3,30,20
20,18,10,100,20
20,19,5,50,20
20,21,3,30,20
20,22,4,40,20
21,20,3,30,20
21,22,3,30,20
21,24,3,30,20
22,15,2,20,20
22,20,4,40,20
22,21,3,30,20
22,23,3,30,20
23,14,2,20,20
23,22,3,30,20
23,24,3,30,20
24,23,3,30,20
24,21,3,30,20
24,13,3,30,20
25,4,1,10,20
26,12,1,10,20
27,14,1,10,20
28,18,1,10,20
29,2,1,10,20
30,13,1,10,20
31,6,1,10,20
0,1,1,10,21
0,32,0,0,21
1,2,8,80,21
1,3,2,20,21
1,32,1,10,21
2,1,8,80,21
2,6,2,20,21
2,29,1,10,21
3,1,2,20,21
3,4,3,30,21
3,12,4,40,21
4,3,3,30,21
4,5,3,30,21
4,11,4,40,21
4,25,1,10,21
5,4,3,30,21
5,6,3,30,21
5,9,2,20,21
6,2,2,20,21
6,5,3,30,21
6,8,2,20,21
6,31,1,10,21
7,8,3,30,21
7,18,2,20,21
8,6,2,20,21
8,7,3,30,21
8,9,3,30,21
8,16,2,20,21
9,5,2,20,21
9,8,3,30,21
9,10,2,20,21
10,9,2,20,21
10,11,3,30,21
10,16,3,30,21
10,17,4,40,21
10,15,4,40,21
11,4,4,40,21
11,10,3,30,21
11,14,4,40,21
11,12,3,30,21
12,3,4,40,21
12,11,3,30,21
12,13,9,90,21
12,26,1,10,21
13,12,9,90,21
13,24,3,30,21
13,30,1,10,21
14,11,4,40,21
14,15,3,30,21
14,23,2,20,21
14,27,1,10,21
15,10,4,40,21
15,19,3,30,21
15,22,2,20,21
15,14,3,30,21
16,8,2,20,21
16,18,3,30,21
16,17,2,20,21
16,10,3,30,21
17,16,2,20,21
17,19,2,20,21
17,10,4,40,21
18,7,2,20,21
18,28,1,10,21
18,20,10,100,21
18,16,3,30,21
19,17,2,20,21
19,20,5,50,21
19,15,3,30,21
20,18,10,100,21
20,19,5,50,21
20,21,3,30,21
20,22,4,40,21
21,20,3,30,21
21,22,3,30,21
21,24,3,30,21
22,15,2,20,21
22,20,4,40,21
22,21,3,30,21
22,23,3,30,21
23,14,2,20,21
23,22,3,30,21
23,24,3,30,21
24,23,3,30,21
24,21,3,30,21
24,13,3,30,21
25,4,1,10,21
26,12,1,10,21
27,14,1,10,21
28,18,1,10,21
29,2,1,10,21
30,13,1,10,21
31,6,1,10,21
0,1,1,10,22
0,32,0,0,22
1,2,8,80,22
1,3,2,20,22
1,32,1,10,22
2,1,8,80,22
2,6,2,20,22
2,29,1,10,22
3,1,2,20,22
3,4,3,30,22
3,12,4,40,22
4,3,3,30,22
4,5,3,30,22
4,11,4,40,22
4,25,1,10,22
5,4,3,30,22
5,6,3,30,22
5,9,2,20,22
6,2,2,20,22
6,5,3,30,22
6,8,2,20,22
6,31,1,10,22
7,8,3,30,22
7,18,2,20,22
8,6,2,20,22
8,7,3,30,22
8,9,3,30,22
8,16,2,20,22
9,5,2,20,22
9,8,3,30,22
9,10,2,20,22
10,9,2,20,22
10,11,3,30,22
10,16,3,30,22
10,17,4,40,22
10,15,4,40,22
11,4,4,40,22
11,10,3,30,22
11,14,4,40,22
11,12,3,30,22
12,3,4,40,22
12,11,3,30,22
12,13,9,90,22
12,26,1,10,22
13,12,9,90,22
13,24,3,30,22
13,30,1,10,22
14,11,4,40,22
14,15,3,30,22
14,23,2,20,22
14,27,1,10,22
15,10,4,40,22
15,19,3,30,22
15,22,2,20,22
15,14,3,30,22
16,8,2,20,22
16,18,3,30,22
16,17,2,20,22
16,10,3,30,22
17,16,2,20,22
17,19,2,20,22
17,10,4,40,22
18,7,2,20,22
18,28,1,10,22
18,20,10,100,22
18,16,3,30,22
19,17,2,20,22
19,20,5,50,22
19,15,3,30,22
20,18,10,100,22
20,19,5,50,22
20,21,3,30,22
20,22,4,40,22
21,20,3,30,22
21,22,3,30,22
21,24,3,30,22
22,15,2,20,22
22,20,4,40,22
22,21,3,30,22
22,23,3,30,22
23,14,2,20,22
23,22,3,30,22
23,24,3,30,22
24,23,3,30,22
24,21,3,30,22
24,13,3,30,22
25,4,1,10,22
26,12,1,10,22
27,14,1,10,22
28,18,1,10,22
29,2,1,10,22
30,13,1,10,22
31,6,1,10,22
0,1,1,10,23
0,32,0,0,23
1,2,8,80,23
1,3,2,20,23
1,32,1,10,23
2,1,8,80,23
2,6,2,20,23
2,29,1,10,23
3,1,2,20,23
3,4,3,30,23
3,12,4,40,23
4,3,3,30,23
4,5,3,30,23
4,11,4,40,23
4,25,1,10,23
5,4,3,30,23
5,6,3,30,23
5,9,2,20,23
6,2,2,20,23
6,5,3,30,23
6,8,2,20,23
6,31,1,10,23
7,8,3,30,23
7,18,2,20,23
8,6,2,20,23
8,7,3,30,23
8,9,3,30,23
8,16,2,20,23
9,5,2,20,23
9,8,3,30,23
9,10,2,20,23
10,9,2,20,23
10,11,3,30,23
10,16,3,30,23
10,17,4,40,23
10,15,4,40,23
11,4,4,40,23
11,10,3,30,23
11,14,4,40,23
11,12,3,30,23
12,3,4,40,23
12,11,3,30,23
12,13,9,90,23
12,26,1,10,23
13,12,9,90,23
13,24,3,30,23
13,30,1,10,23
14,11,4,40,23
14,15,3,30,23
14,23,2,20,23
14,27,1,10,23
15,10,4,40,23
15,19,3,30,23
15,22,2,20,23
15,14,3,30,23
16,8,2,20,23
16,18,3,30,23
16,17,2,20,23
16,10,3,30,23
17,16,2,20,23
17,19,2,20,23
17,10,4,40,23
18,7,2,20,23
18,28,1,10,23
18,20,10,100,23
18,16,3,30,23
19,17,2,20,23
19,20,5,50,23
19,15,3,30,23
20,18,10,100,23
20,19,5,50,23
20,21,3,30,23
20,22,4,40,23
21,20,3,30,23
21,22,3,30,23
21,24,3,30,23
22,15,2,20,23
22,20,4,40,23
22,21,3,30,23
22,23,3,30,23
23,14,2,20,23
23,22,3,30,23
23,24,3,30,23
24,23,3,30,23
24,21,3,30,23
24,13,3,30,23
25,4,1,10,23
26,12,1,10,23
27,14,1,10,23
28,18,1,10,23
29,2,1,10,23
30,13,1,10,23
31,6,1,10,23
0,1,1,10,24
0,32,0,0,24
1,2,8,80,24
1,3,2,20,24
1,32,1,10,24
2,1,8,80,24
2,6,2,20,24
2,29,1,10,24
3,1,2,20,24
3,4,3,30,24
3,12,4,40,24
4,3,3,30,24
4,5,3,30,24
4,11,4,40,24
4,25,1,10,24
5,4,3,30,24
5,6,3,30,24
5,9,2,20,24
6,2,2,20,24
6,5,3,30,24
6,8,2,20,24
6,31,1,10,24
7,8,3,30,24
7,18,2,20,24
8,6,2,20,24
8,7,3,30,24
8,9,3,30,24
8,16,2,20,24
9,5,2,20,24
9,8,3,30,24
9,10,2,20,24
10,9,2,20,24
10,11,3,30,24
10,16,3,30,24
10,17,4,40,24
10,15,4,40,24
11,4,4,40,24
11,10,3,30,24
11,14,4,40,24
11,12,3,30,24
12,3,4,40,24
12,11,3,30,24
12,13,9,90,24
12,26,1,10,24
13,12,9,90,24
13,24,3,30,24
13,30,1,10,24
14,11,4,40,24
14,15,3,30,24
14,23,2,20,24
14,27,1,10,24
15,10,4,40,24
15,19,3,30,24
15,22,2,20,24
15,14,3,30,24
16,8,2,20,24
16,18,3,30,24
16,17,2,20,24
16,10,3,30,24
17,16,2,20,24
17,19,2,20,24
17,10,4,40,24
18,7,2,20,24
18,28,1,10,24
18,20,10,100,24
18,16,3,30,24
19,17,2,20,24
19,20,5,50,24
19,15,3,30,24
20,18,10,100,24
20,19,5,50,24
20,21,3,30,24
20,22,4,40,24
21,20,3,30,24
21,22,3,30,24
21,24,3,30,24
22,15,2,20,24
22,20,4,40,24
22,21,3,30,24
22,23,3,30,24
23,14,2,20,24
23,22,3,30,24
23,24,3,30,24
24,23,3,30,24
24,21,3,30,24
24,13,3,30,24
25,4,1,10,24
26,12,1,10,24
27,14,1,10,24
28,18,1,10,24
29,2,1,10,24
30,13,1,10,24
31,6,1,10,24
0,1,1,10,25
0,32,0,0,25
1,2,8,80,25
1,3,2,20,25
1,32,1,10,25
2,1,8,80,25
2,6,2,20,25
2,29,1,10,25
3,1,2,20,25
3,4,3,30,25
3,12,4,40,25
4,3,3,30,25
4,5,3,30,25
4,11,4,40,25
4,25,1,10,25
5,4,3,30,25
5,6,3,30,25
5,9,2,20,25
6,2,2,20,25
6,5,3,30,25
6,8,2,20,25
6,31,1,10,25
7,8,3,30,25
7,18,2,20,25
8,6,2,20,25
8,7,3,30,25
8,9,3,30,25
8,16,2,20,25
9,5,2,20,25
9,8,3,30,25
9,10,2,20,25
10,9,2,20,25
10,11,3,30,25
10,16,3,30,25
10,17,4,40,25
10,15,4,40,25
11,4,4,40,25
11,10,3,30,25
11,14,4,40,25
11,12,3,30,25
12,3,4,40,25
12,11,3,30,25
12,13,9,90,25
12,26,1,10,25
13,12,9,90,25
13,24,3,30,25
13,30,1,10,25
14,11,4,40,25
14,15,3,30,25
14,23,2,20,25
14,27,1,10,25
15,10,4,40,25
15,19,3,30,25
15,22,2,20,25
15,14,3,30,25
16,8,2,20,25
16,18,3,30,25
16,17,2,20,25
16,10,3,30,25
17,16,2,20,25
17,19,2,20,25
17,10,4,40,25
18,7,2,20,25
18,28,1,10,25
18,20,10,100,25
18,16,3,30,25
19,17,2,20,25
19,20,5,50,25
19,15,3,30,25
20,18,10,100,25
20,19,5,50,25
20,21,3,30,25
20,22,4,40,25
21,20,3,30,25
21,22,3,30,25
21,24,3,30,25
22,15,2,20,25
22,20,4,40,25
22,21,3,30,25
22,23,3,30,25
23,14,2,20,25
23,22,3,30,25
23,24,3,30,25
24,23,3,30,25
24,21,3,30,25
24,13,3,30,25
25,4,1,10,25
26,12,1,10,25
27,14,1,10,25
28,18,1,10,25
29,2,1,10,25
30,13,1,10,25
31,6,1,10,25
0,1,1,10,26
0,32,0,0,26
1,2,8,80,26
1,3,2,20,26
1,32,1,10,26
2,1,8,80,26
2,6,2,20,26
2,29,1,10,26
3,1,2,20,26
3,4,3,30,26
3,12,4,40,26
4,3,3,30,26
4,5,3,30,26
4,11,4,40,26
4,25,1,10,26
5,4,3,30,26
5,6,3,30,26
5,9,2,20,26
6,2,2,20,26
6,5,3,30,26
6,8,2,20,26
6,31,1,10,26
7,8,3,30,26
7,18,2,20,26
8,6,2,20,26
8,7,3,30,26
8,9,3,30,26
8,16,2,20,26
9,5,2,20,26
9,8,3,30,26
9,10,2,20,26
10,9,2,20,26
10,11,3,30,26
10,16,3,30,26
10,17,4,40,26
10,15,4,40,26
11,4,4,40,26
11,10,3,30,26
11,14,4,40,26
11,12,3,30,26
12,3,4,40,26
12,11,3,30,26
12,13,9,90,26
12,26,1,10,26
13,12,9,90,26
13,24,3,30,26
13,30,1,10,26
14,11,4,40,26
14,15,3,30,26
14,23,2,20,26
14,27,1,10,26
15,10,4,40,26
15,19,3,30,26
15,22,2,20,26
15,14,3,30,26
16,8,2,20,26
16,18,3,30,26
16,17,2,20,26
16,10,3,30,26
17,16,2,20,26
17,19,2,20,26
17,10,4,40,26
18,7,2,20,26
18,28,1,10,26
18,20,10,100,26
18,16,3,30,26
19,17,2,20,26
19,20,5,50,26
19,15,3,30,26
20,18,10,100,26
20,19,5,50,26
20,21,3,30,26
20,22,4,40,26
21,20,3,30,26
21,22,3,30,26
21,24,3,30,26
22,15,2,20,26
22,20,4,40,26
22,21,3,30,26
22,23,3,30,26
23,14,2,20,26
23,22,3,30,26
23,24,3,30,26
24,23,3,30,26
24,21,3,30,26
24,13,3,30,26
25,4,1,10,26
26,12,1,10,26
27,14,1,10,26
28,18,1,10,26
29,2,1,10,26
30,13,1,10,26
31,6,1,10,26
0,1,1,10,27
0,32,0,0,27
1,2,8,80,27
1,3,2,20,27
1,32,1,10,27
2,1,8,80,27
2,6,2,20,27
2,29,1,10,27
3,1,2,20,27
3,4,3,30,27
3,12,4,40,27
4,3,3,30,27
4,5,3,30,27
4,11,4,40,27
4,25,1,10,27
5,4,3,30,27
5,6,3,30,27
5,9,2,20,27
6,2,2,20,27
6,5,3,30,27
6,8,2,20,27
6,31,1,10,27
7,8,3,30,27
7,18,2,20,27
8,6,2,20,27
8,7,3,30,27
8,9,3,30,27
8,16,2,20,27
9,5,2,20,27
9,8,3,30,27
9,10,2,20,27
10,9,2,20,27
10,11,3,30,27
10,16,3,30,27
10,17,4,40,27
10,15,4,40,27
11,4,4,40,27
11,10,3,30,27
11,14,4,40,27
11,12,3,30,27
12,3,4,40,27
12,11,3,30,27
12,13,9,90,27
12,26,1,10,27
13,12,9,90,27
13,24,3,30,27
13,30,1,10,27
14,11,4,40,27
14,15,3,30,27
14,23,2,20,27
14,27,1,10,27
15,10,4,40,27
15,19,3,30,27
15,22,2,20,27
15,14,3,30,27
16,8,2,20,27
16,18,3,30,27
16,17,2,20,27
16,10,3,30,27
17,16,2,20,27
17,19,2,20,27
17,10,4,40,27
18,7,2,20,27
18,28,1,10,27
18,20,10,100,27
18,16,3,30,27
19,17,2,20,27
19,20,5,50,27
19,15,3,30,27
20,18,10,100,27
20,19,5,50,27
20,21,3,30,27
20,22,4,40,27
21,20,3,30,27
21,22,3,30,27
21,24,3,30,27
22,15,2,20,27
22,20,4,40,27
22,21,3,30,27
22,23,3,30,27
23,14,2,20,27
23,22,3,30,27
23,24,3,30,27
24,23,3,30,27
24,21,3,30,27
24,13,3,30,27
25,4,1,10,27
26,12,1,10,27
27,14,1,10,27
28,18,1,10,27
29,2,1,10,27
30,13,1,10,27
31,6,1,10,27
0,1,1,10,28
0,32,0,0,28
1,2,8,80,28
1,3,2,20,28
1,32,1,10,28
2,1,8,80,28
2,6,2,20,28
2,29,1,10,28
3,1,2,20,28
3,4,3,30,28
3,12,4,40,28
4,3,3,30,28
4,5,3,30,28
4,11,4,40,28
4,25,1,10,28
5,4,3,30,28
5,6,3,30,28
5,9,2,20,28
6,2,2,20,28
6,5,3,30,28
6,8,2,20,28
6,31,1,10,28
7,8,3,30,28
7,18,2,20,28
8,6,2,20,28
8,7,3,30,28
8,9,3,30,28
8,16,2,20,28
9,5,2,20,28
9,8,3,30,28
9,10,2,20,28
10,9,2,20,28
10,11,3,30,28
10,16,3,30,28
10,17,4,40,28
10,15,4,40,28
11,4,4,40,28
11,10,3,30,28
11,14,4,40,28
11,12,3,30,28
12,3,4,40,28
12,11,3,30,28
12,13,9,90,28
12,26,1,10,28
13,12,9,90,28
13,24,3,30,28
13,30,1,10,28
14,11,4,40,28
14,15,3,30,28
14,23,2,20,28
14,27,1,10,28
15,10,4,40,28
15,19,3,30,28
15,22,2,20,28
15,14,3,30,28
16,8,2,20,28
16,18,3,30,28
16,17,2,20,28
16,10,3,30,28
17,16,2,20,28
17,19,2,20,28
17,10,4,40,28
18,7,2,20,28
18,28,1,10,28
18,20,10,100,28
18,16,3,30,28
19,17,2,20,28
19,20,5,50,28
19,15,3,30,28
20,18,10,100,28
20,19,5,50,28
20,21,3,30,28
20,22,4,40,28
21,20,3,30,28
21,22,3,30,28
21,24,3,30,28
22,15,2,20,28
22,20,4,40,28
22,21,3,30,28
22,23,3,30,28
23,14,2,20,28
23,22,3,30,28
23,24,3,30,28
24,23,3,30,28
24,21,3,30,28
24,13,3,30,28
25,4,1,10,28
26,12,1,10,28
27,14,1,10,28
28,18,1,10,28
29,2,1,10,28
30,13,1,10,28
31,6,1,10,28
0,1,1,10,29
0,32,0,0,29
1,2,8,80,29
1,3,2,20,29
1,32,1,10,29
2,1,8,80,29
2,6,2,20,29
2,29,1,10,29
3,1,2,20,29
3,4,3,30,29
3,12,4,40,29
4,3,3,30,29
4,5,3,30,29
4,11,4,40,29
4,25,1,10,29
5,4,3,30,29
5,6,3,30,29
5,9,2,20,29
6,2,2,20,29
6,5,3,30,29
6,8,2,20,29
6,31,1,10,29
7,8,3,30,29
7,18,2,20,29
8,6,2,20,29
8,7,3,30,29
8,9,3,30,29
8,16,2,20,29
9,5,2,20,29
9,8,3,30,29
9,10,2,20,29
10,9,2,20,29
10,11,3,30,29
10,16,3,30,29
10,17,4,40,29
10,15,4,40,29
11,4,4,40,29
11,10,3,30,29
11,14,4,40,29
11,12,3,30,29
12,3,4,40,29
12,11,3,30,29
12,13,9,90,29
12,26,1,10,29
13,12,9,90,29
13,24,3,30,29
13,30,1,10,29
14,11,4,40,29
14,15,3,30,29
14,23,2,20,29
14,27,1,10,29
15,10,4,40,29
15,19,3,30,29
15,22,2,20,29
15,14,3,30,29
16,8,2,20,29
16,18,3,30,29
16,17,2,20,29
16,10,3,30,29
17,16,2,20,29
17,19,2,20,29
17,10,4,40,29
18,7,2,20,29
18,28,1,10,29
18,20,10,100,29
18,16,3,30,29
19,17,2,20,29
19,20,5,50,29
19,15,3,30,29
20,18,10,100,29
20,19,5,50,29
20,21,3,30,29
20,22,4,40,29
21,20,3,30,29
21,22,3,30,29
21,24,3,30,29
22,15,2,20,29
22,20,4,40,29
22,21,3,30,29
22,23,3,30,29
23,14,2,20,29
23,22,3,30,29
23,24,3,30,29
24,23,3,30,29
24,21,3,30,29
24,13,3,30,29
25,4,1,10,29
26,12,1,10,29
27,14,1,10,29
28,18,1,10,29
29,2,1,10,29
30,13,1,10,29
31,6,1,10,29
0,1,1,10,30
0,32,0,0,30
1,2,8,80,30
1,3,2,20,30
1,32,1,10,30
2,1,8,80,30
2,6,2,20,30
2,29,1,10,30
3,1,2,20,30
3,4,3,30,30
3,12,4,40,30
4,3,3,30,30
4,5,3,30,30
4,11,4,40,30
4,25,1,10,30
5,4,3,30,30
5,6,3,30,30
5,9,2,20,30
6,2,2,20,30
6,5,3,30,30
6,8,2,20,30
6,31,1,10,30
7,8,3,30,30
7,18,2,20,30
8,6,2,20,30
8,7,3,30,30
8,9,3,30,30
8,16,2,20,30
9,5,2,20,30
9,8,3,30,30
9,10,2,20,30
10,9,2,20,30
10,11,3,30,30
10,16,3,30,30
10,17,4,40,30
10,15,4,40,30
11,4,4,40,30
11,10,3,30,30
11,14,4,40,30
11,12,3,30,30
12,3,4,40,30
12,11,3,30,30
12,13,9,90,30
12,26,1,10,30
13,12,9,90,30
13,24,3,30,30
13,30,1,10,30
14,11,4,40,30
14,15,3,30,30
14,23,2,20,30
14,27,1,10,30
15,10,4,40,30
15,19,3,30,30
15,22,2,20,30
15,14,3,30,30
16,8,2,20,30
16,18,3,30,30
16,17,2,20,30
16,10,3,30,30
17,16,2,20,30
17,19,2,20,30
17,10,4,40,30
18,7,2,20,30
18,28,1,10,30
18,20,10,100,30
18,16,3,30,30
19,17,2,20,30
19,20,5,50,30
19,15,3,30,30
20,18,10,100,30
20,19,5,50,30
20,21,3,30,30
20,22,4,40,30
21,20,3,30,30
21,22,3,30,30
21,24,3,30,30
22,15,2,20,30
22,20,4,40,30
22,21,3,30,30
22,23,3,30,30
23,14,2,20,30
23,22,3,30,30
23,24,3,30,30
24,23,3,30,30
24,21,3,30,30
24,13,3,30,30
25,4,1,10,30
26,12,1,10,30
27,14,1,10,30
28,18,1,10,30
29,2,1,10,30
30,13,1,10,30
31,6,1,10,30
0,1,1,10,31
0,32,0,0,31
1,2,8,80,31
1,3,2,20,31
1,32,1,10,31
2,1,8,80,31
2,6,2,20,31
2,29,1,10,31
3,1,2,20,31
3,4,3,30,31
3,12,4,40,31
4,3,3,30,31
4,5,3,30,31
4,11,4,40,31
4,25,1,10,31
5,4,3,30,31
5,6,3,30,31
5,9,2,20,31
6,2,2,20,31
6,5,3,30,31
6,8,2,20,31
6,31,1,10,31
7,8,3,30,31
7,18,2,20,31
8,6,2,20,31
8,7,3,30,31
8,9,3,30,31
8,16,2,20,31
9,5,2,20,31
9,8,3,30,31
9,10,2,20,31
10,9,2,20,31
10,11,3,30,31
10,16,3,30,31
10,17,4,40,31
10,15,4,40,31
11,4,4,40,31
11,10,3,30,31
11,14,4,40,31
11,12,3,30,31
12,3,4,40,31
12,11,3,30,31
12,13,9,90,31
12,26,1,10,31
13,12,9,90,31
13,24,3,30,31
13,30,1,10,31
14,11,4,40,31
14,15,3,30,31
14,23,2,20,31
14,27,1,10,31
15,10,4,40,31
15,19,3,30,31
15,22,2,20,31
15,14,3,30,31
16,8,2,20,31
16,18,3,30,31
16,17,2,20,31
16,10,3,30,31
17,16,2,20,31
17,19,2,20,31
17,10,4,40,31
18,7,2,20,31
18,28,1,10,31
18,20,10,100,31
18,16,3,30,31
19,17,2,20,31
19,20,5,50,31
19,15,3,30,31
20,18,10,100,31
20,19,5,50,31
20,21,3,30,31
20,22,4,40,31
21,20,3,30,31
21,22,3,30,31
21,24,3,30,31
22,15,2,20,31
22,20,4,40,31
22,21,3,30,31
22,23,3,30,31
23,14,2,20,31
23,22,3,30,31
23,24,3,30,31
24,23,3,30,31
24,21,3,30,31
24,13,3,30,31
25,4,1,10,31
26,12,1,10,31
27,14,1,10,31
28,18,1,10,31
29,2,1,10,31
30,13,1,10,31
31,6,1,10,31
0,1,1,10,32
0,32,0,0,32
1,2,8,80,32
1,3,2,20,32
1,32,1,10,32
2,1,8,80,32
2,6,2,20,32
2,29,1,10,32
3,1,2,20,32
3,4,3,30,32
3,12,4,40,32
4,3,3,30,32
4,5,3,30,32
4,11,4,40,32
4,25,1,10,32
5,4,3,30,32
5,6,3,30,32
5,9,2,20,32
6,2,2,20,32
6,5,3,30,32
6,8,2,20,32
6,31,1,10,32
7,8,3,30,32
7,18,2,20,32
8,6,2,20,32
8,7,3,30,32
8,9,3,30,32
8,16,2,20,32
9,5,2,20,32
9,8,3,30,32
9,10,2,20,32
10,9,2,20,32
10,11,3,30,32
10,16,3,30,32
10,17,4,40,32
10,15,4,40,32
11,4,4,40,32
11,10,3,30,32
11,14,4,40,32
11,12,3,30,32
12,3,4,40,32
12,11,3,30,32
12,13,9,90,32
12,26,1,10,32
13,12,9,90,32
13,24,3,30,32
13,30,1,10,32
14,11,4,40,32
14,15,3,30,32
14,23,2,20,32
14,27,1,10,32
15,10,4,40,32
15,19,3,30,32
15,22,2,20,32
15,14,3,30,32
16,8,2,20,32
16,18,3,30,32
16,17,2,20,32
16,10,3,30,32
17,16,2,20,32
17,19,2,20,32
17,10,4,40,32
18,7,2,20,32
18,28,1,10,32
18,20,10,100,32
18,16,3,30,32
19,17,2,20,32
19,20,5,50,32
19,15,3,30,32
20,18,10,100,32
20,19,5,50,32
20,21,3,30,32
20,22,4,40,32
21,20,3,30,32
21,22,3,30,32
21,24,3,30,32
22,15,2,20,32
22,20,4,40,32
22,21,3,30,32
22,23,3,30,32
23,14,2,20,32
23,22,3,30,32
23,24,3,30,32
24,23,3,30,32
24,21,3,30,32
24,13,3,30,32
25,4,1,10,32
26,12,1,10,32
27,14,1,10,32
28,18,1,10,32
29,2,1,10,32
30,13,1,10,32
31,6,1,10,32
0,1,1,10,33
0,32,0,0,33
1,2,8,80,33
1,3,2,20,33
1,32,1,10,33
2,1,8,80,33
2,6,2,20,33
2,29,1,10,33
3,1,2,20,33
3,4,3,30,33
3,12,4,40,33
4,3,3,30,33
4,5,3,30,33
4,11,4,40,33
4,25,1,10,33
5,4,3,30,33
5,6,3,30,33
5,9,2,20,33
6,2,2,20,33
6,5,3,30,33
6,8,2,20,33
6,31,1,10,33
7,8,3,30,33
7,18,2,20,33
8,6,2,20,33
8,7,3,30,33
8,9,3,30,33
8,16,2,20,33
9,5,2,20,33
9,8,3,30,33
9,10,2,20,33
10,9,2,20,33
10,11,3,30,33
10,16,3,30,33
10,17,4,40,33
10,15,4,40,33
11,4,4,40,33
11,10,3,30,33
11,14,4,40,33
11,12,3,30,33
12,3,4,40,33
12,11,3,30,33
12,13,9,90,33
12,26,1,10,33
13,12,9,90,33
13,24,3,30,33
13,30,1,10,33
14,11,4,40,33
14,15,3,30,33
14,23,2,20,33
14,27,1,10,33
15,10,4,40,33
15,19,3,30,33
15,22,2,20,33
15,14,3,30,33
16,8,2,20,33
16,18,3,30,33
16,17,2,20,33
16,10,3,30,33
17,16,2,20,33
17,19,2,20,33
17,10,4,40,33
18,7,2,20,33
18,28,1,10,33
18,20,10,100,33
18,16,3,30,33
19,17,2,20,33
19,20,5,50,33
19,15,3,30,33
20,18,10,100,33
20,19,5,50,33
20,21,3,30,33
20,22,4,40,33
21,20,3,30,33
21,22,3,30,33
21,24,3,30,33
22,15,2,20,33
22,20,4,40,33
22,21,3,30,33
22,23,3,30,33
23,14,2,20,33
23,22,3,30,33
23,24,3,30,33
24,23,3,30,33
24,21,3,30,33
24,13,3,30,33
25,4,1,10,33
26,12,1,10,33
27,14,1,10,33
28,18,1,10,33
29,2,1,10,33
30,13,1,10,33
31,6,1,10,33
0,1,1,10,34
0,32,0,0,34
1,2,8,80,34
1,3,2,20,34
1,32,1,10,34
2,1,8,80,34
2,6,2,20,34
2,29,1,10,34
3,1,2,20,34
3,4,3,30,34
3,12,4,40,34
4,3,3,30,34
4,5,3,30,34
4,11,4,40,34
4,25,1,10,34
5,4,3,30,34
5,6,3,30,34
5,9,2,20,34
6,2,2,20,34
6,5,3,30,34
6,8,2,20,34
6,31,1,10,34
7,8,3,30,34
7,18,2,20,34
8,6,2,20,34
8,7,3,30,34
8,9,3,30,34
8,16,2,20,34
9,5,2,20,34
9,8,3,30,34
9,10,2,20,34
10,9,2,20,34
10,11,3,30,34
10,16,3,30,34
10,17,4,40,34
10,15,4,40,34
11,4,4,40,34
11,10,3,30,34
11,14,4,40,34
11,12,3,30,34
12,3,4,40,34
12,11,3,30,34
12,13,9,90,34
12,26,1,10,34
13,12,9,90,34
13,24,3,30,34
13,30,1,10,34
14,11,4,40,34
14,15,3,30,34
14,23,2,20,34
14,27,1,10,34
15,10,4,40,34
15,19,3,30,34
15,22,2,20,34
15,14,3,30,34
16,8,2,20,34
16,18,3,30,34
16,17,2,20,34
16,10,3,30,34
17,16,2,20,34
17,19,2,20,34
17,10,4,40,34
18,7,2,20,34
18,28,1,10,34
18,20,10,100,34
18,16,3,30,34
19,17,2,20,34
19,20,5,50,34
19,15,3,30,34
20,18,10,100,34
20,19,5,50,34
20,21,3,30,34
20,22,4,40,34
21,20,3,30,34
21,22,3,30,34
21,24,3,30,34
22,15,2,20,34
22,20,4,40,34
22,21,3,30,34
22,23,3,30,34
23,14,2,20,34
23,22,3,30,34
23,24,3,30,34
24,23,3,30,34
24,21,3,30,34
24,13,3,30,34
25,4,1,10,34
26,12,1,10,34
27,14,1,10,34
28,18,1,10,34
29,2,1,10,34
30,13,1,10,34
31,6,1,10,34
0,1,1,10,35
0,32,0,0,35
1,2,8,80,35
1,3,2,20,35
1,32,1,10,35
2,1,8,80,35
2,6,2,20,35
2,29,1,10,35
3,1,2,20,35
3,4,3,30,35
3,12,4,40,35
4,3,3,30,35
4,5,3,30,35
4,11,4,40,35
4,25,1,10,35
5,4,3,30,35
5,6,3,30,35
5,9,2,20,35
6,2,2,20,35
6,5,3,30,35
6,8,2,20,35
6,31,1,10,35
7,8,3,30,35
7,18,2,20,35
8,6,2,20,35
8,7,3,30,35
8,9,3,30,35
8,16,2,20,35
9,5,2,20,35
9,8,3,30,35
9,10,2,20,35
10,9,2,20,35
10,11,3,30,35
10,16,3,30,35
10,17,4,40,35
10,15,4,40,35
11,4,4,40,35
11,10,3,30,35
11,14,4,40,35
11,12,3,30,35
12,3,4,40,35
12,11,3,30,35
12,13,9,90,35
12,26,1,10,35
13,12,9,90,35
13,24,3,30,35
13,30,1,10,35
14,11,4,40,35
14,15,3,30,35
14,23,2,20,35
14,27,1,10,35
15,10,4,40,35
15,19,3,30,35
15,22,2,20,35
15,14,3,30,35
16,8,2,20,35
16,18,3,30,35
16,17,2,20,35
16,10,3,30,35
17,16,2,20,35
17,19,2,20,35
17,10,4,40,35
18,7,2,20,35
18,28,1,10,35
18,20,10,100,35
18,16,3,30,35
19,17,2,20,35
19,20,5,50,35
19,15,3,30,35
20,18,10,100,35
20,19,5,50,35
20,21,3,30,35
20,22,4,40,35
21,20,3,30,35
21,22,3,30,35
21,24,3,30,35
22,15,2,20,35
22,20,4,40,35
22,21,3,30,35
22,23,3,30,35
23,14,2,20,35
23,22,3,30,35
23,24,3,30,35
24,23,3,30,35
24,21,3,30,35
24,13,3,30,35
25,4,1,10,35
26,12,1,10,35
27,14,1,10,35
28,18,1,10,35
29,2,1,10,35
30,13,1,10,35
31,6,1,10,35
0,1,1,10,36
0,32,0,0,36
1,2,8,80,36
1,3,2,20,36
1,32,1,10,36
2,1,8,80,36
2,6,2,20,36
2,29,1,10,36
3,1,2,20,36
3,4,3,30,36
3,12,4,40,36
4,3,3,30,36
4,5,3,30,36
4,11,4,40,36
4,25,1,10,36
5,4,3,30,36
5,6,3,30,36
5,9,2,20,36
6,2,2,20,36
6,5,3,30,36
6,8,2,20,36
6,31,1,10,36
7,8,3,30,36
7,18,2,20,36
8,6,2,20,36
8,7,3,30,36
8,9,3,30,36
8,16,2,20,36
9,5,2,20,36
9,8,3,30,36
9,10,2,20,36
10,9,2,20,36
10,11,3,30,36
10,16,3,30,36
10,17,4,40,36
10,15,4,40,36
11,4,4,40,36
11,10,3,30,36
11,14,4,40,36
11,12,3,30,36
12,3,4,40,36
12,11,3,30,36
12,13,9,90,36
12,26,1,10,36
13,12,9,90,36
13,24,3,30,36
13,30,1,10,36
14,11,4,40,36
14,15,3,30,36
14,23,2,20,36
14,27,1,10,36
15,10,4,40,36
15,19,3,30,36
15,22,2,20,36
15,14,3,30,36
16,8,2,20,36
16,18,3,30,36
16,17,2,20,36
16,10,3,30,36
17,16,2,20,36
17,19,2,20,36
17,10,4,40,36
18,7,2,20,36
18,28,1,10,36
18,20,10,100,36
18,16,3,30,36
19,17,2,20,36
19,20,5,50,36
19,15,3,30,36
20,18,10,100,36
20,19,5,50,36
20,21,3,30,36
20,22,4,40,36
21,20,3,30,36
21,22,3,30,36
21,24,3,30,36
22,15,2,20,36
22,20,4,40,36
22,21,3,30,36
22,23,3,30,36
23,14,2,20,36
23,22,3,30,36
23,24,3,30,36
24,23,3,30,36
24,21,3,30,36
24,13,3,30,36
25,4,1,10,36
26,12,1,10,36
27,14,1,10,36
28,18,1,10,36
29,2,1,10,36
30,13,1,10,36
31,6,1,10,36
0,1,1,10,37
0,32,0,0,37
1,2,8,80,37
1,3,2,20,37
1,32,1,10,37
2,1,8,80,37
2,6,2,20,37
2,29,1,10,37
3,1,2,20,37
3,4,3,30,37
3,12,4,40,37
4,3,3,30,37
4,5,3,30,37
4,11,4,40,37
4,25,1,10,37
5,4,3,30,37
5,6,3,30,37
5,9,2,20,37
6,2,2,20,37
6,5,3,30,37
6,8,2,20,37
6,31,1,10,37
7,8,3,30,37
7,18,2,20,37
8,6,2,20,37
8,7,3,30,37
8,9,3,30,37
8,16,2,20,37
9,5,2,20,37
9,8,3,30,37
9,10,2,20,37
10,9,2,20,37
10,11,3,30,37
10,16,3,30,37
10,17,4,40,37
10,15,4,40,37
11,4,4,40,37
11,10,3,30,37
11,14,4,40,37
11,12,3,30,37
12,3,4,40,37
12,11,3,30,37
12,13,9,90,37
12,26,1,10,37
13,12,9,90,37
13,24,3,30,37
13,30,1,10,37
14,11,4,40,37
14,15,3,30,37
14,23,2,20,37
14,27,1,10,37
15,10,4,40,37
15,19,3,30,37
15,22,2,20,37
15,14,3,30,37
16,8,2,20,37
16,18,3,30,37
16,17,2,20,37
16,10,3,30,37
17,16,2,20,37
17,19,2,20,37
17,10,4,40,37
18,7,2,20,37
18,28,1,10,37
18,20,10,100,37
18,16,3,30,37
19,17,2,20,37
19,20,5,50,37
19,15,3,30,37
20,18,10,100,37
20,19,5,50,37
20,21,3,30,37
20,22,4,40,37
21,20,3,30,37
21,22,3,30,37
21,24,3,30,37
22,15,2,20,37
22,20,4,40,37
22,21,3,30,37
22,23,3,30,37
23,14,2,20,37
23,22,3,30,37
23,24,3,30,37
24,23,3,30,37
24,21,3,30,37
24,13,3,30,37
25,4,1,10,37
26,12,1,10,37
27,14,1,10,37
28,18,1,10,37
29,2,1,10,37
30,13,1,10,37
31,6,1,10,37
0,1,1,10,38
0,32,0,0,38
1,2,8,80,38
1,3,2,20,38
1,32,1,10,38
2,1,8,80,38
2,6,2,20,38
2,29,1,10,38
3,1,2,20,38
3,4,3,30,38
3,12,4,40,38
4,3,3,30,38
4,5,3,30,38
4,11,4,40,38
4,25,1,10,38
5,4,3,30,38
5,6,3,30,38
5,9,2,20,38
6,2,2,20,38
6,5,3,30,38
6,8,2,20,38
6,31,1,10,38
7,8,3,30,38
7,18,2,20,38
8,6,2,20,38
8,7,3,30,38
8,9,3,30,38
8,16,2,20,38
9,5,2,20,38
9,8,3,30,38
9,10,2,20,38
10,9,2,20,38
10,11,3,30,38
10,16,3,30,38
10,17,4,40,38
10,15,4,40,38
11,4,4,40,38
11,10,3,30,38
11,14,4,40,38
11,12,3,30,38
12,3,4,40,38
12,11,3,30,38
12,13,9,90,38
12,26,1,10,38
13,12,9,90,38
13,24,3,30,38
13,30,1,10,38
14,11,4,40,38
14,15,3,30,38
14,23,2,20,38
14,27,1,10,38
15,10,4,40,38
15,19,3,30,38
15,22,2,20,38
15,14,3,30,38
16,8,2,20,38
16,18,3,30,38
16,17,2,20,38
16,10,3,30,38
17,16,2,20,38
17,19,2,20,38
17,10,4,40,38
18,7,2,20,38
18,28,1,10,38
18,20,10,100,38
18,16,3,30,38
19,17,2,20,38
19,20,5,50,38
19,15,3,30,38
20,18,10,100,38
20,19,5,50,38
20,21,3,30,38
20,22,4,40,38
21,20,3,30,38
21,22,3,30,38
21,24,3,30,38
22,15,2,20,38
22,20,4,40,38
22,21,3,30,38
22,23,3,30,38
23,14,2,20,38
23,22,3,30,38
23,24,3,30,38
24,23,3,30,38
24,21,3,30,38
24,13,3,30,38
25,4,1,10,38
26,12,1,10,38
27,14,1,10,38
28,18,1,10,38
29,2,1,10,38
30,13,1,10,38
31,6,1,10,38
0,1,1,10,39
0,32,0,0,39
1,2,8,80,39
1,3,2,20,39
1,32,1,10,39
2,1,8,80,39
2,6,2,20,39
2,29,1,10,39
3,1,2,20,39
3,4,3,30,39
3,12,4,40,39
4,3,3,30,39
4,5,3,30,39
4,11,4,40,39
4,25,1,10,39
5,4,3,30,39
5,6,3,30,39
5,9,2,20,39
6,2,2,20,39
6,5,3,30,39
6,8,2,20,39
6,31,1,10,39
7,8,3,30,39
7,18,2,20,39
8,6,2,20,39
8,7,3,30,39
8,9,3,30,39
8,16,2,20,39
9,5,2,20,39
9,8,3,30,39
9,10,2,20,39
10,9,2,20,39
10,11,3,30,39
10,16,3,30,39
10,17,4,40,39
10,15,4,40,39
11,4,4,40,39
11,10,3,30,39
11,14,4,40,39
11,12,3,30,39
12,3,4,40,39
12,11,3,30,39
12,13,9,90,39
12,26,1,10,39
13,12,9,90,39
13,24,3,30,39
13,30,1,10,39
14,11,4,40,39
14,15,3,30,39
14,23,2,20,39
14,27,1,10,39
15,10,4,40,39
15,19,3,30,39
15,22,2,20,39
15,14,3,30,39
16,8,2,20,39
16,18,3,30,39
16,17,2,20,39
16,10,3,30,39
17,16,2,20,39
17,19,2,20,39
17,10,4,40,39
18,7,2,20,39
18,28,1,10,39
18,20,10,100,39
18,16,3,30,39
19,17,2,20,39
19,20,5,50,39
19,15,3,30,39
20,18,10,100,39
20,19,5,50,39
20,21,3,30,39
20,22,4,40,39
21,20,3,30,39
21,22,3,30,39
21,24,3,30,39
22,15,2,20,39
22,20,4,40,39
22,21,3,30,39
22,23,3,30,39
23,14,2,20,39
23,22,3,30,39
23,24,3,30,39
24,23,3,30,39
24,21,3,30,39
24,13,3,30,39
25,4,1,10,39
26,12,1,10,39
27,14,1,10,39
28,18,1,10,39
29,2,1,10,39
30,13,1,10,39
31,6,1,10,39
0,1,1,10,40
0,32,0,0,40
1,2,8,80,40
1,3,2,20,40
1,32,1,10,40
2,1,8,80,40
2,6,2,20,40
2,29,1,10,40
3,1,2,20,40
3,4,3,30,40
3,12,4,40,40
4,3,3,30,40
4,5,3,30,40
4,11,4,40,40
4,25,1,10,40
5,4,3,30,40
5,6,3,30,40
5,9,2,20,40
6,2,2,20,40
6,5,3,30,40
6,8,2,20,40
6,31,1,10,40
7,8,3,30,40
7,18,2,20,40
8,6,2,20,40
8,7,3,30,40
8,9,3,30,40
8,16,2,20,40
9,5,2,20,40
9,8,3,30,40
9,10,2,20,40
10,9,2,20,40
10,11,3,30,40
10,16,3,30,40
10,17,4,40,40
10,15,4,40,40
11,4,4,40,40
11,10,3,30,40
11,14,4,40,40
11,12,3,30,40
12,3,4,40,40
12,11,3,30,40
12,13,9,90,40
12,26,1,10,40
13,12,9,90,40
13,24,3,30,40
13,30,1,10,40
14,11,4,40,40
14,15,3,30,40
14,23,2,20,40
14,27,1,10,40
15,10,4,40,40
15,19,3,30,40
15,22,2,20,40
15,14,3,30,40
16,8,2,20,40
16,18,3,30,40
16,17,2,20,40
16,10,3,30,40
17,16,2,20,40
17,19,2,20,40
17,10,4,40,40
18,7,2,20,40
18,28,1,10,40
18,20,10,100,40
18,16,3,30,40
19,17,2,20,40
19,20,5,50,40
19,15,3,30,40
20,18,10,100,40
20,19,5,50,40
20,21,3,30,40
20,22,4,40,40
21,20,3,30,40
21,22,3,30,40
21,24,3,30,40
22,15,2,20,40
22,20,4,40,40
22,21,3,30,40
22,23,3,30,40
23,14,2,20,40
23,22,3,30,40
23,24,3,30,40
24,23,3,30,40
24,21,3,30,40
24,13,3,30,40
25,4,1,10,40
26,12,1,10,40
27,14,1,10,40
28,18,1,10,40
29,2,1,10,40
30,13,1,10,40
31,6,1,10,40
0,1,1,10,41
0,32,0,0,41
1,2,8,80,41
1,3,2,20,41
1,32,1,10,41
2,1,8,80,41
2,6,2,20,41
2,29,1,10,41
3,1,2,20,41
3,4,3,30,41
3,12,4,40,41
4,3,3,30,41
4,5,3,30,41
4,11,4,40,41
4,25,1,10,41
5,4,3,30,41
5,6,3,30,41
5,9,2,20,41
6,2,2,20,41
6,5,3,30,41
6,8,2,20,41
6,31,1,10,41
7,8,3,30,41
7,18,2,20,41
8,6,2,20,41
8,7,3,30,41
8,9,3,30,41
8,16,2,20,41
9,5,2,20,41
9,8,3,30,41
9,10,2,20,41
10,9,2,20,41
10,11,3,30,41
10,16,3,30,41
10,17,4,40,41
10,15,4,40,41
11,4,4,40,41
11,10,3,30,41
11,14,4,40,41
11,12,3,30,41
12,3,4,40,41
12,11,3,30,41
12,13,9,90,41
12,26,1,10,41
13,12,9,90,41
13,24,3,30,41
13,30,1,10,41
14,11,4,40,41
14,15,3,30,41
14,23,2,20,41
14,27,1,10,41
15,10,4,40,41
15,19,3,30,41
15,22,2,20,41
15,14,3,30,41
16,8,2,20,41
16,18,3,30,41
16,17,2,20,41
16,10,3,30,41
17,16,2,20,41
17,19,2,20,41
17,10,4,40,41
18,7,2,20,41
18,28,1,10,41
18,20,10,100,41
18,16,3,30,41
19,17,2,20,41
19,20,5,50,41
19,15,3,30,41
20,18,10,100,41
20,19,5,50,41
20,21,3,30,41
20,22,4,40,41
21,20,3,30,41
21,22,3,30,41
21,24,3,30,41
22,15,2,20,41
22,20,4,40,41
22,21,3,30,41
22,23,3,30,41
23,14,2,20,41
23,22,3,30,41
23,24,3,30,41
24,23,3,30,41
24,21,3,30,41
24,13,3,30,41
25,4,1,10,41
26,12,1,10,41
27,14,1,10,41
28,18,1,10,41
29,2,1,10,41
30,13,1,10,41
31,6,1,10,41
0,1,1,10,42
0,32,0,0,42
1,2,8,80,42
1,3,2,20,42
1,32,1,10,42
2,1,8,80,42
2,6,2,20,42
2,29,1,10,42
3,1,2,20,42
3,4,3,30,42
3,12,4,40,42
4,3,3,30,42
4,5,3,30,42
4,11,4,40,42
4,25,1,10,42
5,4,3,30,42
5,6,3,30,42
5,9,2,20,42
6,2,2,20,42
6,5,3,30,42
6,8,2,20,42
6,31,1,10,42
7,8,3,30,42
7,18,2,20,42
8,6,2,20,42
8,7,3,30,42
8,9,3,30,42
8,16,2,20,42
9,5,2,20,42
9,8,3,30,42
9,10,2,20,42
10,9,2,20,42
10,11,3,30,42
10,16,3,30,42
10,17,4,40,42
10,15,4,40,42
11,4,4,40,42
11,10,3,30,42
11,14,4,40,42
11,12,3,30,42
12,3,4,40,42
12,11,3,30,42
12,13,9,90,42
12,26,1,10,42
13,12,9,90,42
13,24,3,30,42
13,30,1,10,42
14,11,4,40,42
14,15,3,30,42
14,23,2,20,42
14,27,1,10,42
15,10,4,40,42
15,19,3,30,42
15,22,2,20,42
15,14,3,30,42
16,8,2,20,42
16,18,3,30,42
16,17,2,20,42
16,10,3,30,42
17,16,2,20,42
17,19,2,20,42
17,10,4,40,42
18,7,2,20,42
18,28,1,10,42
18,20,10,100,42
18,16,3,30,42
19,17,2,20,42
19,20,5,50,42
19,15,3,30,42
20,18,10,100,42
20,19,5,50,42
20,21,3,30,42
20,22,4,40,42
21,20,3,30,42
21,22,3,30,42
21,24,3,30,42
22,15,2,20,42
22,20,4,40,42
22,21,3,30,42
22,23,3,30,42
23,14,2,20,42
23,22,3,30,42
23,24,3,30,42
24,23,3,30,42
24,21,3,30,42
24,13,3,30,42
25,4,1,10,42
26,12,1,10,42
27,14,1,10,42
28,18,1,10,42
29,2,1,10,42
30,13,1,10,42
31,6,1,10,42
0,1,1,10,43
0,32,0,0,43
1,2,8,80,43
1,3,2,20,43
1,32,1,10,43
2,1,8,80,43
2,6,2,20,43
2,29,1,10,43
3,1,2,20,43
3,4,3,30,43
3,12,4,40,43
4,3,3,30,43
4,5,3,30,43
4,11,4,40,43
4,25,1,10,43
5,4,3,30,43
5,6,3,30,43
5,9,2,20,43
6,2,2,20,43
6,5,3,30,43
6,8,2,20,43
6,31,1,10,43
7,8,3,30,43
7,18,2,20,43
8,6,2,20,43
8,7,3,30,43
8,9,3,30,43
8,16,2,20,43
9,5,2,20,43
9,8,3,30,43
9,10,2,20,43
10,9,2,20,43
10,11,3,30,43
10,16,3,30,43
10,17,4,40,43
10,15,4,40,43
11,4,4,40,43
11,10,3,30,43
11,14,4,40,43
11,12,3,30,43
12,3,4,40,43
12,11,3,30,43
12,13,9,90,43
12,26,1,10,43
13,12,9,90,43
13,24,3,30,43
13,30,1,10,43
14,11,4,40,43
14,15,3,30,43
14,23,2,20,43
14,27,1,10,43
15,10,4,40,43
15,19,3,30,43
15,22,2,20,43
15,14,3,30,43
16,8,2,20,43
16,18,3,30,43
16,17,2,20,43
16,10,3,30,43
17,16,2,20,43
17,19,2,20,43
17,10,4,40,43
18,7,2,20,43
18,28,1,10,43
18,20,10,100,43
18,16,3,30,43
19,17,2,20,43
19,20,5,50,43
19,15,3,30,43
20,18,10,100,43
20,19,5,50,43
20,21,3,30,43
20,22,4,40,43
21,20,3,30,43
21,22,3,30,43
21,24,3,30,43
22,15,2,20,43
22,20,4,40,43
22,21,3,30,43
22,23,3,30,43
23,14,2,20,43
23,22,3,30,43
23,24,3,30,43
24,23,3,30,43
24,21,3,30,43
24,13,3,30,43
25,4,1,10,43
26,12,1,10,43
27,14,1,10,43
28,18,1,10,43
29,2,1,10,43
30,13,1,10,43
31,6,1,10,43
0,1,1,10,44
0,32,0,0,44
1,2,8,80,44
1,3,2,20,44
1,32,1,10,44
2,1,8,80,44
2,6,2,20,44
2,29,1,10,44
3,1,2,20,44
3,4,3,30,44
3,12,4,40,44
4,3,3,30,44
4,5,3,30,44
4,11,4,40,44
4,25,1,10,44
5,4,3,30,44
5,6,3,30,44
5,9,2,20,44
6,2,2,20,44
6,5,3,30,44
6,8,2,20,44
6,31,1,10,44
7,8,3,30,44
7,18,2,20,44
8,6,2,20,44
8,7,3,30,44
8,9,3,30,44
8,16,2,20,44
9,5,2,20,44
9,8,3,30,44
9,10,2,20,44
10,9,2,20,44
10,11,3,30,44
10,16,3,30,44
10,17,4,40,44
10,15,4,40,44
11,4,4,40,44
11,10,3,30,44
11,14,4,40,44
11,12,3,30,44
12,3,4,40,44
12,11,3,30,44
12,13,9,90,44
12,26,1,10,44
13,12,9,90,44
13,24,3,30,44
13,30,1,10,44
14,11,4,40,44
14,15,3,30,44
14,23,2,20,44
14,27,1,10,44
15,10,4,40,44
15,19,3,30,44
15,22,2,20,44
15,14,3,30,44
16,8,2,20,44
16,18,3,30,44
16,17,2,20,44
16,10,3,30,44
17,16,2,20,44
17,19,2,20,44
17,10,4,40,44
18,7,2,20,44
18,28,1,10,44
18,20,10,100,44
18,16,3,30,44
19,17,2,20,44
19,20,5,50,44
19,15,3,30,44
20,18,10,100,44
20,19,5,50,44
20,21,3,30,44
20,22,4,40,44
21,20,3,30,44
21,22,3,30,44
21,24,3,30,44
22,15,2,20,44
22,20,4,40,44
22,21,3,30,44
22,23,3,30,44
23,14,2,20,44
23,22,3,30,44
23,24,3,30,44
24,23,3,30,44
24,21,3,30,44
24,13,3,30,44
25,4,1,10,44
26,12,1,10,44
27,14,1,10,44
28,18,1,10,44
29,2,1,10,44
30,13,1,10,44
31,6,1,10,44
0,1,1,10,45
0,32,0,0,45
1,2,8,80,45
1,3,2,20,45
1,32,1,10,45
2,1,8,80,45
2,6,2,20,45
2,29,1,10,45
3,1,2,20,45
3,4,3,30,45
3,12,4,40,45
4,3,3,30,45
4,5,3,30,45
4,11,4,40,45
4,25,1,10,45
5,4,3,30,45
5,6,3,30,45
5,9,2,20,45
6,2,2,20,45
6,5,3,30,45
6,8,2,20,45
6,31,1,10,45
7,8,3,30,45
7,18,2,20,45
8,6,2,20,45
8,7,3,30,45
8,9,3,30,45
8,16,2,20,45
9,5,2,20,45
9,8,3,30,45
9,10,2,20,45
10,9,2,20,45
10,11,3,30,45
10,16,3,30,45
10,17,4,40,45
10,15,4,40,45
11,4,4,40,45
11,10,3,30,45
11,14,4,40,45
11,12,3,30,45
12,3,4,40,45
12,11,3,30,45
12,13,9,90,45
12,26,1,10,45
13,12,9,90,45
13,24,3,30,45
13,30,1,10,45
14,11,4,40,45
14,15,3,30,45
14,23,2,20,45
14,27,1,10,45
15,10,4,40,45
15,19,3,30,45
15,22,2,20,45
15,14,3,30,45
16,8,2,20,45
16,18,3,30,45
16,17,2,20,45
16,10,3,30,45
17,16,2,20,45
17,19,2,20,45
17,10,4,40,45
18,7,2,20,45
18,28,1,10,45
18,20,10,100,45
18,16,3,30,45
19,17,2,20,45
19,20,5,50,45
19,15,3,30,45
20,18,10,100,45
20,19,5,50,45
20,21,3,30,45
20,22,4,40,45
21,20,3,30,45
21,22,3,30,45
21,24,3,30,45
22,15,2,20,45
22,20,4,40,45
22,21,3,30,45
22,23,3,30,45
23,14,2,20,45
23,22,3,30,45
23,24,3,30,45
24,23,3,30,45
24,21,3,30,45
24,13,3,30,45
25,4,1,10,45
26,12,1,10,45
27,14,1,10,45
28,18,1,10,45
29,2,1,10,45
30,13,1,10,45
31,6,1,10,45
