from_space,to_space,from_time,to_time,from_state,to_state,cost,arc_type
8,9,0,3,0,0,3,0
8,9,1,4,0,0,3,0
8,9,2,5,0,0,3,0
8,9,3,6,0,0,3,0
8,9,4,7,0,0,3,0
8,9,5,8,0,0,3,0
8,9,6,9,0,0,3,0
8,9,7,10,0,0,3,0
8,9,8,11,0,0,3,0
8,9,9,12,0,0,3,0
8,9,10,13,0,0,3,0
8,9,11,14,0,0,3,0
8,9,12,15,0,0,3,0
8,9,13,16,0,0,3,0
8,9,14,17,0,0,3,0
8,9,15,18,0,0,3,0
8,9,16,19,0,0,3,0
8,9,17,20,0,0,3,0
8,9,18,21,0,0,3,0
8,9,19,22,0,0,3,0
8,9,20,23,0,0,3,0
8,9,21,24,0,0,3,0
8,9,22,25,0,0,3,0
8,9,23,26,0,0,3,0
8,9,24,27,0,0,3,0
8,9,25,28,0,0,3,0
8,9,26,29,0,0,3,0
8,9,27,30,0,0,3,0
8,9,28,31,0,0,3,0
9,8,0,3,0,0,3,0
9,8,1,4,0,0,3,0
9,8,2,5,0,0,3,0
9,8,3,6,0,0,3,0
9,8,4,7,0,0,3,0
9,8,5,8,0,0,3,0
9,8,6,9,0,0,3,0
9,8,7,10,0,0,3,0
9,8,8,11,0,0,3,0
9,8,9,12,0,0,3,0
9,8,10,13,0,0,3,0
9,8,11,14,0,0,3,0
9,8,12,15,0,0,3,0
9,8,13,16,0,0,3,0
9,8,14,17,0,0,3,0
9,8,15,18,0,0,3,0
9,8,16,19,0,0,3,0
9,8,17,20,0,0,3,0
9,8,18,21,0,0,3,0
9,8,19,22,0,0,3,0
9,8,20,23,0,0,3,0
9,8,21,24,0,0,3,0
9,8,22,25,0,0,3,0
9,8,23,26,0,0,3,0
9,8,24,27,0,0,3,0
9,8,25,28,0,0,3,0
9,8,26,29,0,0,3,0
9,8,27,30,0,0,3,0
9,8,28,31,0,0,3,0
11,14,0,4,0,0,4,0
11,14,1,5,0,0,4,0
11,14,2,6,0,0,4,0
11,14,3,7,0,0,4,0
11,14,4,8,0,0,4,0
11,14,5,9,0,0,4,0
11,14,6,10,0,0,4,0
11,14,7,11,0,0,4,0
11,14,8,12,0,0,4,0
11,14,9,13,0,0,4,0
11,14,10,14,0,0,4,0
11,14,11,15,0,0,4,0
11,14,12,16,0,0,4,0
11,14,13,17,0,0,4,0
11,14,14,18,0,0,4,0
11,14,15,19,0,0,4,0
11,14,16,20,0,0,4,0
11,14,17,21,0,0,4,0
11,14,18,22,0,0,4,0
11,14,19,23,0,0,4,0
11,14,20,24,0,0,4,0
11,14,21,25,0,0,4,0
11,14,22,26,0,0,4,0
11,14,23,27,0,0,4,0
11,14,24,28,0,0,4,0
11,14,25,29,0,0,4,0
11,14,26,30,0,0,4,0
11,14,27,31,0,0,4,0
6,2,0,2,0,0,2,0
6,2,1,3,0,0,2,0
6,2,2,4,0,0,2,0
6,2,3,5,0,0,2,0
6,2,4,6,0,0,2,0
6,2,5,7,0,0,2,0
6,2,6,8,0,0,2,0
6,2,7,9,0,0,2,0
6,2,8,10,0,0,2,0
6,2,9,11,0,0,2,0
6,2,10,12,0,0,2,0
6,2,11,13,0,0,2,0
6,2,12,14,0,0,2,0
6,2,13,15,0,0,2,0
6,2,14,16,0,0,2,0
6,2,15,17,0,0,2,0
6,2,16,18,0,0,2,0
6,2,17,19,0,0,2,0
6,2,18,20,0,0,2,0
6,2,19,21,0,0,2,0
6,2,20,22,0,0,2,0
6,2,21,23,0,0,2,0
6,2,22,24,0,0,2,0
6,2,23,25,0,0,2,0
6,2,24,26,0,0,2,0
6,2,25,27,0,0,2,0
6,2,26,28,0,0,2,0
6,2,27,29,0,0,2,0
6,2,28,30,0,0,2,0
6,2,29,31,0,0,2,0
15,14,0,3,0,0,3,0
15,14,1,4,0,0,3,0
15,14,2,5,0,0,3,0
15,14,3,6,0,0,3,0
15,14,4,7,0,0,3,0
15,14,5,8,0,0,3,0
15,14,6,9,0,0,3,0
15,14,7,10,0,0,3,0
15,14,8,11,0,0,3,0
15,14,9,12,0,0,3,0
15,14,10,13,0,0,3,0
15,14,11,14,0,0,3,0
15,14,12,15,0,0,3,0
15,14,13,16,0,0,3,0
15,14,14,17,0,0,3,0
15,14,15,18,0,0,3,0
15,14,16,19,0,0,3,0
15,14,17,20,0,0,3,0
15,14,18,21,0,0,3,0
15,14,19,22,0,0,3,0
15,14,20,23,0,0,3,0
15,14,21,24,0,0,3,0
15,14,22,25,0,0,3,0
15,14,23,26,0,0,3,0
15,14,24,27,0,0,3,0
15,14,25,28,0,0,3,0
15,14,26,29,0,0,3,0
15,14,27,30,0,0,3,0
15,14,28,31,0,0,3,0
20,22,0,4,0,0,4,0
20,22,1,5,0,0,4,0
20,22,2,6,0,0,4,0
20,22,3,7,0,0,4,0
20,22,4,8,0,0,4,0
20,22,5,9,0,0,4,0
20,22,6,10,0,0,4,0
20,22,7,11,0,0,4,0
20,22,8,12,0,0,4,0
20,22,9,13,0,0,4,0
20,22,10,14,0,0,4,0
20,22,11,15,0,0,4,0
20,22,12,16,0,0,4,0
20,22,13,17,0,0,4,0
20,22,14,18,0,0,4,0
20,22,15,19,0,0,4,0
20,22,16,20,0,0,4,0
20,22,17,21,0,0,4,0
20,22,18,22,0,0,4,0
20,22,19,23,0,0,4,0
20,22,20,24,0,0,4,0
20,22,21,25,0,0,4,0
20,22,22,26,0,0,4,0
20,22,23,27,0,0,4,0
20,22,24,28,0,0,4,0
20,22,25,29,0,0,4,0
20,22,26,30,0,0,4,0
20,22,27,31,0,0,4,0
14,15,0,3,0,0,3,0
14,15,1,4,0,0,3,0
14,15,2,5,0,0,3,0
14,15,3,6,0,0,3,0
14,15,4,7,0,0,3,0
14,15,5,8,0,0,3,0
14,15,6,9,0,0,3,0
14,15,7,10,0,0,3,0
14,15,8,11,0,0,3,0
14,15,9,12,0,0,3,0
14,15,10,13,0,0,3,0
14,15,11,14,0,0,3,0
14,15,12,15,0,0,3,0
14,15,13,16,0,0,3,0
14,15,14,17,0,0,3,0
14,15,15,18,0,0,3,0
14,15,16,19,0,0,3,0
14,15,17,20,0,0,3,0
14,15,18,21,0,0,3,0
14,15,19,22,0,0,3,0
14,15,20,23,0,0,3,0
14,15,21,24,0,0,3,0
14,15,22,25,0,0,3,0
14,15,23,26,0,0,3,0
14,15,24,27,0,0,3,0
14,15,25,28,0,0,3,0
14,15,26,29,0,0,3,0
14,15,27,30,0,0,3,0
14,15,28,31,0,0,3,0
9,10,0,2,0,0,2,0
9,10,1,3,0,0,2,0
9,10,2,4,0,0,2,0
9,10,3,5,0,0,2,0
9,10,4,6,0,0,2,0
9,10,5,7,0,0,2,0
9,10,6,8,0,0,2,0
9,10,7,9,0,0,2,0
9,10,8,10,0,0,2,0
9,10,9,11,0,0,2,0
9,10,10,12,0,0,2,0
9,10,11,13,0,0,2,0
9,10,12,14,0,0,2,0
9,10,13,15,0,0,2,0
9,10,14,16,0,0,2,0
9,10,15,17,0,0,2,0
9,10,16,18,0,0,2,0
9,10,17,19,0,0,2,0
9,10,18,20,0,0,2,0
9,10,19,21,0,0,2,0
9,10,20,22,0,0,2,0
9,10,21,23,0,0,2,0
9,10,22,24,0,0,2,0
9,10,23,25,0,0,2,0
9,10,24,26,0,0,2,0
9,10,25,27,0,0,2,0
9,10,26,28,0,0,2,0
9,10,27,29,0,0,2,0
9,10,28,30,0,0,2,0
9,10,29,31,0,0,2,0
22,21,0,3,0,0,3,0
22,21,1,4,0,0,3,0
22,21,2,5,0,0,3,0
22,21,3,6,0,0,3,0
22,21,4,7,0,0,3,0
22,21,5,8,0,0,3,0
22,21,6,9,0,0,3,0
22,21,7,10,0,0,3,0
22,21,8,11,0,0,3,0
22,21,9,12,0,0,3,0
22,21,10,13,0,0,3,0
22,21,11,14,0,0,3,0
22,21,12,15,0,0,3,0
22,21,13,16,0,0,3,0
22,21,14,17,0,0,3,0
22,21,15,18,0,0,3,0
22,21,16,19,0,0,3,0
22,21,17,20,0,0,3,0
22,21,18,21,0,0,3,0
22,21,19,22,0,0,3,0
22,21,20,23,0,0,3,0
22,21,21,24,0,0,3,0
22,21,22,25,0,0,3,0
22,21,23,26,0,0,3,0
22,21,24,27,0,0,3,0
22,21,25,28,0,0,3,0
22,21,26,29,0,0,3,0
22,21,27,30,0,0,3,0
22,21,28,31,0,0,3,0
17,16,0,2,0,0,2,0
17,16,1,3,0,0,2,0
17,16,2,4,0,0,2,0
17,16,3,5,0,0,2,0
17,16,4,6,0,0,2,0
17,16,5,7,0,0,2,0
17,16,6,8,0,0,2,0
17,16,7,9,0,0,2,0
17,16,8,10,0,0,2,0
17,16,9,11,0,0,2,0
17,16,10,12,0,0,2,0
17,16,11,13,0,0,2,0
17,16,12,14,0,0,2,0
17,16,13,15,0,0,2,0
17,16,14,16,0,0,2,0
17,16,15,17,0,0,2,0
17,16,16,18,0,0,2,0
17,16,17,19,0,0,2,0
17,16,18,20,0,0,2,0
17,16,19,21,0,0,2,0
17,16,20,22,0,0,2,0
17,16,21,23,0,0,2,0
17,16,22,24,0,0,2,0
17,16,23,25,0,0,2,0
17,16,24,26,0,0,2,0
17,16,25,27,0,0,2,0
17,16,26,28,0,0,2,0
17,16,27,29,0,0,2,0
17,16,28,30,0,0,2,0
17,16,29,31,0,0,2,0
13,12,0,9,0,0,9,0
13,12,1,10,0,0,9,0
13,12,2,11,0,0,9,0
13,12,3,12,0,0,9,0
13,12,4,13,0,0,9,0
13,12,5,14,0,0,9,0
13,12,6,15,0,0,9,0
13,12,7,16,0,0,9,0
13,12,8,17,0,0,9,0
13,12,9,18,0,0,9,0
13,12,10,19,0,0,9,0
13,12,11,20,0,0,9,0
13,12,12,21,0,0,9,0
13,12,13,22,0,0,9,0
13,12,14,23,0,0,9,0
13,12,15,24,0,0,9,0
13,12,16,25,0,0,9,0
13,12,17,26,0,0,9,0
13,12,18,27,0,0,9,0
13,12,19,28,0,0,9,0
13,12,20,29,0,0,9,0
13,12,21,30,0,0,9,0
13,12,22,31,0,0,9,0
16,8,0,2,0,0,2,0
16,8,1,3,0,0,2,0
16,8,2,4,0,0,2,0
16,8,3,5,0,0,2,0
16,8,4,6,0,0,2,0
16,8,5,7,0,0,2,0
16,8,6,8,0,0,2,0
16,8,7,9,0,0,2,0
16,8,8,10,0,0,2,0
16,8,9,11,0,0,2,0
16,8,10,12,0,0,2,0
16,8,11,13,0,0,2,0
16,8,12,14,0,0,2,0
16,8,13,15,0,0,2,0
16,8,14,16,0,0,2,0
16,8,15,17,0,0,2,0
16,8,16,18,0,0,2,0
16,8,17,19,0,0,2,0
16,8,18,20,0,0,2,0
16,8,19,21,0,0,2,0
16,8,20,22,0,0,2,0
16,8,21,23,0,0,2,0
16,8,22,24,0,0,2,0
16,8,23,25,0,0,2,0
16,8,24,26,0,0,2,0
16,8,25,27,0,0,2,0
16,8,26,28,0,0,2,0
16,8,27,29,0,0,2,0
16,8,28,30,0,0,2,0
16,8,29,31,0,0,2,0
24,21,0,3,0,0,3,0
24,21,1,4,0,0,3,0
24,21,2,5,0,0,3,0
24,21,3,6,0,0,3,0
24,21,4,7,0,0,3,0
24,21,5,8,0,0,3,0
24,21,6,9,0,0,3,0
24,21,7,10,0,0,3,0
24,21,8,11,0,0,3,0
24,21,9,12,0,0,3,0
24,21,10,13,0,0,3,0
24,21,11,14,0,0,3,0
24,21,12,15,0,0,3,0
24,21,13,16,0,0,3,0
24,21,14,17,0,0,3,0
24,21,15,18,0,0,3,0
24,21,16,19,0,0,3,0
24,21,17,20,0,0,3,0
24,21,18,21,0,0,3,0
24,21,19,22,0,0,3,0
24,21,20,23,0,0,3,0
24,21,21,24,0,0,3,0
24,21,22,25,0,0,3,0
24,21,23,26,0,0,3,0
24,21,24,27,0,0,3,0
24,21,25,28,0,0,3,0
24,21,26,29,0,0,3,0
24,21,27,30,0,0,3,0
24,21,28,31,0,0,3,0
16,17,0,2,0,0,2,0
16,17,1,3,0,0,2,0
16,17,2,4,0,0,2,0
16,17,3,5,0,0,2,0
16,17,4,6,0,0,2,0
16,17,5,7,0,0,2,0
16,17,6,8,0,0,2,0
16,17,7,9,0,0,2,0
16,17,8,10,0,0,2,0
16,17,9,11,0,0,2,0
16,17,10,12,0,0,2,0
16,17,11,13,0,0,2,0
16,17,12,14,0,0,2,0
16,17,13,15,0,0,2,0
16,17,14,16,0,0,2,0
16,17,15,17,0,0,2,0
16,17,16,18,0,0,2,0
16,17,17,19,0,0,2,0
16,17,18,20,0,0,2,0
16,17,19,21,0,0,2,0
16,17,20,22,0,0,2,0
16,17,21,23,0,0,2,0
16,17,22,24,0,0,2,0
16,17,23,25,0,0,2,0
16,17,24,26,0,0,2,0
16,17,25,27,0,0,2,0
16,17,26,28,0,0,2,0
16,17,27,29,0,0,2,0
16,17,28,30,0,0,2,0
16,17,29,31,0,0,2,0
3,1,0,2,0,0,2,0
3,1,1,3,0,0,2,0
3,1,2,4,0,0,2,0
3,1,3,5,0,0,2,0
3,1,4,6,0,0,2,0
3,1,5,7,0,0,2,0
3,1,6,8,0,0,2,0
3,1,7,9,0,0,2,0
3,1,8,10,0,0,2,0
3,1,9,11,0,0,2,0
3,1,10,12,0,0,2,0
3,1,11,13,0,0,2,0
3,1,12,14,0,0,2,0
3,1,13,15,0,0,2,0
3,1,14,16,0,0,2,0
3,1,15,17,0,0,2,0
3,1,16,18,0,0,2,0
3,1,17,19,0,0,2,0
3,1,18,20,0,0,2,0
3,1,19,21,0,0,2,0
3,1,20,22,0,0,2,0
3,1,21,23,0,0,2,0
3,1,22,24,0,0,2,0
3,1,23,25,0,0,2,0
3,1,24,26,0,0,2,0
3,1,25,27,0,0,2,0
3,1,26,28,0,0,2,0
3,1,27,29,0,0,2,0
3,1,28,30,0,0,2,0
3,1,29,31,0,0,2,0
12,13,0,9,0,0,9,0
12,13,1,10,0,0,9,0
12,13,2,11,0,0,9,0
12,13,3,12,0,0,9,0
12,13,4,13,0,0,9,0
12,13,5,14,0,0,9,0
12,13,6,15,0,0,9,0
12,13,7,16,0,0,9,0
12,13,8,17,0,0,9,0
12,13,9,18,0,0,9,0
12,13,10,19,0,0,9,0
12,13,11,20,0,0,9,0
12,13,12,21,0,0,9,0
12,13,13,22,0,0,9,0
12,13,14,23,0,0,9,0
12,13,15,24,0,0,9,0
12,13,16,25,0,0,9,0
12,13,17,26,0,0,9,0
12,13,18,27,0,0,9,0
12,13,19,28,0,0,9,0
12,13,20,29,0,0,9,0
12,13,21,30,0,0,9,0
12,13,22,31,0,0,9,0
22,23,0,3,0,0,3,0
22,23,1,4,0,0,3,0
22,23,2,5,0,0,3,0
22,23,3,6,0,0,3,0
22,23,4,7,0,0,3,0
22,23,5,8,0,0,3,0
22,23,6,9,0,0,3,0
22,23,7,10,0,0,3,0
22,23,8,11,0,0,3,0
22,23,9,12,0,0,3,0
22,23,10,13,0,0,3,0
22,23,11,14,0,0,3,0
22,23,12,15,0,0,3,0
22,23,13,16,0,0,3,0
22,23,14,17,0,0,3,0
22,23,15,18,0,0,3,0
22,23,16,19,0,0,3,0
22,23,17,20,0,0,3,0
22,23,18,21,0,0,3,0
22,23,19,22,0,0,3,0
22,23,20,23,0,0,3,0
22,23,21,24,0,0,3,0
22,23,22,25,0,0,3,0
22,23,23,26,0,0,3,0
22,23,24,27,0,0,3,0
22,23,25,28,0,0,3,0
22,23,26,29,0,0,3,0
22,23,27,30,0,0,3,0
22,23,28,31,0,0,3,0
9,5,0,2,0,0,2,0
9,5,1,3,0,0,2,0
9,5,2,4,0,0,2,0
9,5,3,5,0,0,2,0
9,5,4,6,0,0,2,0
9,5,5,7,0,0,2,0
9,5,6,8,0,0,2,0
9,5,7,9,0,0,2,0
9,5,8,10,0,0,2,0
9,5,9,11,0,0,2,0
9,5,10,12,0,0,2,0
9,5,11,13,0,0,2,0
9,5,12,14,0,0,2,0
9,5,13,15,0,0,2,0
9,5,14,16,0,0,2,0
9,5,15,17,0,0,2,0
9,5,16,18,0,0,2,0
9,5,17,19,0,0,2,0
9,5,18,20,0,0,2,0
9,5,19,21,0,0,2,0
9,5,20,22,0,0,2,0
9,5,21,23,0,0,2,0
9,5,22,24,0,0,2,0
9,5,23,25,0,0,2,0
9,5,24,26,0,0,2,0
9,5,25,27,0,0,2,0
9,5,26,28,0,0,2,0
9,5,27,29,0,0,2,0
9,5,28,30,0,0,2,0
9,5,29,31,0,0,2,0
23,22,0,3,0,0,3,0
23,22,1,4,0,0,3,0
23,22,2,5,0,0,3,0
23,22,3,6,0,0,3,0
23,22,4,7,0,0,3,0
23,22,5,8,0,0,3,0
23,22,6,9,0,0,3,0
23,22,7,10,0,0,3,0
23,22,8,11,0,0,3,0
23,22,9,12,0,0,3,0
23,22,10,13,0,0,3,0
23,22,11,14,0,0,3,0
23,22,12,15,0,0,3,0
23,22,13,16,0,0,3,0
23,22,14,17,0,0,3,0
23,22,15,18,0,0,3,0
23,22,16,19,0,0,3,0
23,22,17,20,0,0,3,0
23,22,18,21,0,0,3,0
23,22,19,22,0,0,3,0
23,22,20,23,0,0,3,0
23,22,21,24,0,0,3,0
23,22,22,25,0,0,3,0
23,22,23,26,0,0,3,0
23,22,24,27,0,0,3,0
23,22,25,28,0,0,3,0
23,22,26,29,0,0,3,0
23,22,27,30,0,0,3,0
23,22,28,31,0,0,3,0
1,3,0,2,0,0,2,0
1,3,1,3,0,0,2,0
1,3,2,4,0,0,2,0
1,3,3,5,0,0,2,0
1,3,4,6,0,0,2,0
1,3,5,7,0,0,2,0
1,3,6,8,0,0,2,0
1,3,7,9,0,0,2,0
1,3,8,10,0,0,2,0
1,3,9,11,0,0,2,0
1,3,10,12,0,0,2,0
1,3,11,13,0,0,2,0
1,3,12,14,0,0,2,0
1,3,13,15,0,0,2,0
1,3,14,16,0,0,2,0
1,3,15,17,0,0,2,0
1,3,16,18,0,0,2,0
1,3,17,19,0,0,2,0
1,3,18,20,0,0,2,0
1,3,19,21,0,0,2,0
1,3,20,22,0,0,2,0
1,3,21,23,0,0,2,0
1,3,22,24,0,0,2,0
1,3,23,25,0,0,2,0
1,3,24,26,0,0,2,0
1,3,25,27,0,0,2,0
1,3,26,28,0,0,2,0
1,3,27,29,0,0,2,0
1,3,28,30,0,0,2,0
1,3,29,31,0,0,2,0
10,15,0,4,0,0,4,0
10,15,1,5,0,0,4,0
10,15,2,6,0,0,4,0
10,15,3,7,0,0,4,0
10,15,4,8,0,0,4,0
10,15,5,9,0,0,4,0
10,15,6,10,0,0,4,0
10,15,7,11,0,0,4,0
10,15,8,12,0,0,4,0
10,15,9,13,0,0,4,0
10,15,10,14,0,0,4,0
10,15,11,15,0,0,4,0
10,15,12,16,0,0,4,0
10,15,13,17,0,0,4,0
10,15,14,18,0,0,4,0
10,15,15,19,0,0,4,0
10,15,16,20,0,0,4,0
10,15,17,21,0,0,4,0
10,15,18,22,0,0,4,0
10,15,19,23,0,0,4,0
10,15,20,24,0,0,4,0
10,15,21,25,0,0,4,0
10,15,22,26,0,0,4,0
10,15,23,27,0,0,4,0
10,15,24,28,0,0,4,0
10,15,25,29,0,0,4,0
10,15,26,30,0,0,4,0
10,15,27,31,0,0,4,0
16,10,0,3,0,0,3,0
16,10,1,4,0,0,3,0
16,10,2,5,0,0,3,0
16,10,3,6,0,0,3,0
16,10,4,7,0,0,3,0
16,10,5,8,0,0,3,0
16,10,6,9,0,0,3,0
16,10,7,10,0,0,3,0
16,10,8,11,0,0,3,0
16,10,9,12,0,0,3,0
16,10,10,13,0,0,3,0
16,10,11,14,0,0,3,0
16,10,12,15,0,0,3,0
16,10,13,16,0,0,3,0
16,10,14,17,0,0,3,0
16,10,15,18,0,0,3,0
16,10,16,19,0,0,3,0
16,10,17,20,0,0,3,0
16,10,18,21,0,0,3,0
16,10,19,22,0,0,3,0
16,10,20,23,0,0,3,0
16,10,21,24,0,0,3,0
16,10,22,25,0,0,3,0
16,10,23,26,0,0,3,0
16,10,24,27,0,0,3,0
16,10,25,28,0,0,3,0
16,10,26,29,0,0,3,0
16,10,27,30,0,0,3,0
16,10,28,31,0,0,3,0
18,7,0,2,0,0,2,0
18,7,1,3,0,0,2,0
18,7,2,4,0,0,2,0
18,7,3,5,0,0,2,0
18,7,4,6,0,0,2,0
18,7,5,7,0,0,2,0
18,7,6,8,0,0,2,0
18,7,7,9,0,0,2,0
18,7,8,10,0,0,2,0
18,7,9,11,0,0,2,0
18,7,10,12,0,0,2,0
18,7,11,13,0,0,2,0
18,7,12,14,0,0,2,0
18,7,13,15,0,0,2,0
18,7,14,16,0,0,2,0
18,7,15,17,0,0,2,0
18,7,16,18,0,0,2,0
18,7,17,19,0,0,2,0
18,7,18,20,0,0,2,0
18,7,19,21,0,0,2,0
18,7,20,22,0,0,2,0
18,7,21,23,0,0,2,0
18,7,22,24,0,0,2,0
18,7,23,25,0,0,2,0
18,7,24,26,0,0,2,0
18,7,25,27,0,0,2,0
18,7,26,28,0,0,2,0
18,7,27,29,0,0,2,0
18,7,28,30,0,0,2,0
18,7,29,31,0,0,2,0
24,23,0,3,0,0,3,0
24,23,1,4,0,0,3,0
24,23,2,5,0,0,3,0
24,23,3,6,0,0,3,0
24,23,4,7,0,0,3,0
24,23,5,8,0,0,3,0
24,23,6,9,0,0,3,0
24,23,7,10,0,0,3,0
24,23,8,11,0,0,3,0
24,23,9,12,0,0,3,0
24,23,10,13,0,0,3,0
24,23,11,14,0,0,3,0
24,23,12,15,0,0,3,0
24,23,13,16,0,0,3,0
24,23,14,17,0,0,3,0
24,23,15,18,0,0,3,0
24,23,16,19,0,0,3,0
24,23,17,20,0,0,3,0
24,23,18,21,0,0,3,0
24,23,19,22,0,0,3,0
24,23,20,23,0,0,3,0
24,23,21,24,0,0,3,0
24,23,22,25,0,0,3,0
24,23,23,26,0,0,3,0
24,23,24,27,0,0,3,0
24,23,25,28,0,0,3,0
24,23,26,29,0,0,3,0
24,23,27,30,0,0,3,0
24,23,28,31,0,0,3,0
18,16,0,3,0,0,3,0
18,16,1,4,0,0,3,0
18,16,2,5,0,0,3,0
18,16,3,6,0,0,3,0
18,16,4,7,0,0,3,0
18,16,5,8,0,0,3,0
18,16,6,9,0,0,3,0
18,16,7,10,0,0,3,0
18,16,8,11,0,0,3,0
18,16,9,12,0,0,3,0
18,16,10,13,0,0,3,0
18,16,11,14,0,0,3,0
18,16,12,15,0,0,3,0
18,16,13,16,0,0,3,0
18,16,14,17,0,0,3,0
18,16,15,18,0,0,3,0
18,16,16,19,0,0,3,0
18,16,17,20,0,0,3,0
18,16,18,21,0,0,3,0
18,16,19,22,0,0,3,0
18,16,20,23,0,0,3,0
18,16,21,24,0,0,3,0
18,16,22,25,0,0,3,0
18,16,23,26,0,0,3,0
18,16,24,27,0,0,3,0
18,16,25,28,0,0,3,0
18,16,26,29,0,0,3,0
18,16,27,30,0,0,3,0
18,16,28,31,0,0,3,0
20,19,0,5,0,0,5,0
20,19,1,6,0,0,5,0
20,19,2,7,0,0,5,0
20,19,3,8,0,0,5,0
20,19,4,9,0,0,5,0
20,19,5,10,0,0,5,0
20,19,6,11,0,0,5,0
20,19,7,12,0,0,5,0
20,19,8,13,0,0,5,0
20,19,9,14,0,0,5,0
20,19,10,15,0,0,5,0
20,19,11,16,0,0,5,0
20,19,12,17,0,0,5,0
20,19,13,18,0,0,5,0
20,19,14,19,0,0,5,0
20,19,15,20,0,0,5,0
20,19,16,21,0,0,5,0
20,19,17,22,0,0,5,0
20,19,18,23,0,0,5,0
20,19,19,24,0,0,5,0
20,19,20,25,0,0,5,0
20,19,21,26,0,0,5,0
20,19,22,27,0,0,5,0
20,19,23,28,0,0,5,0
20,19,24,29,0,0,5,0
20,19,25,30,0,0,5,0
20,19,26,31,0,0,5,0
3,12,0,4,0,0,4,0
3,12,1,5,0,0,4,0
3,12,2,6,0,0,4,0
3,12,3,7,0,0,4,0
3,12,4,8,0,0,4,0
3,12,5,9,0,0,4,0
3,12,6,10,0,0,4,0
3,12,7,11,0,0,4,0
3,12,8,12,0,0,4,0
3,12,9,13,0,0,4,0
3,12,10,14,0,0,4,0
3,12,11,15,0,0,4,0
3,12,12,16,0,0,4,0
3,12,13,17,0,0,4,0
3,12,14,18,0,0,4,0
3,12,15,19,0,0,4,0
3,12,16,20,0,0,4,0
3,12,17,21,0,0,4,0
3,12,18,22,0,0,4,0
3,12,19,23,0,0,4,0
3,12,20,24,0,0,4,0
3,12,21,25,0,0,4,0
3,12,22,26,0,0,4,0
3,12,23,27,0,0,4,0
3,12,24,28,0,0,4,0
3,12,25,29,0,0,4,0
3,12,26,30,0,0,4,0
3,12,27,31,0,0,4,0
5,9,0,2,0,0,2,0
5,9,1,3,0,0,2,0
5,9,2,4,0,0,2,0
5,9,3,5,0,0,2,0
5,9,4,6,0,0,2,0
5,9,5,7,0,0,2,0
5,9,6,8,0,0,2,0
5,9,7,9,0,0,2,0
5,9,8,10,0,0,2,0
5,9,9,11,0,0,2,0
5,9,10,12,0,0,2,0
5,9,11,13,0,0,2,0
5,9,12,14,0,0,2,0
5,9,13,15,0,0,2,0
5,9,14,16,0,0,2,0
5,9,15,17,0,0,2,0
5,9,16,18,0,0,2,0
5,9,17,19,0,0,2,0
5,9,18,20,0,0,2,0
5,9,19,21,0,0,2,0
5,9,20,22,0,0,2,0
5,9,21,23,0,0,2,0
5,9,22,24,0,0,2,0
5,9,23,25,0,0,2,0
5,9,24,26,0,0,2,0
5,9,25,27,0,0,2,0
5,9,26,28,0,0,2,0
5,9,27,29,0,0,2,0
5,9,28,30,0,0,2,0
5,9,29,31,0,0,2,0
4,11,0,4,0,0,4,0
4,11,1,5,0,0,4,0
4,11,2,6,0,0,4,0
4,11,3,7,0,0,4,0
4,11,4,8,0,0,4,0
4,11,5,9,0,0,4,0
4,11,6,10,0,0,4,0
4,11,7,11,0,0,4,0
4,11,8,12,0,0,4,0
4,11,9,13,0,0,4,0
4,11,10,14,0,0,4,0
4,11,11,15,0,0,4,0
4,11,12,16,0,0,4,0
4,11,13,17,0,0,4,0
4,11,14,18,0,0,4,0
4,11,15,19,0,0,4,0
4,11,16,20,0,0,4,0
4,11,17,21,0,0,4,0
4,11,18,22,0,0,4,0
4,11,19,23,0,0,4,0
4,11,20,24,0,0,4,0
4,11,21,25,0,0,4,0
4,11,22,26,0,0,4,0
4,11,23,27,0,0,4,0
4,11,24,28,0,0,4,0
4,11,25,29,0,0,4,0
4,11,26,30,0,0,4,0
4,11,27,31,0,0,4,0
23,24,0,3,0,0,3,0
23,24,1,4,0,0,3,0
23,24,2,5,0,0,3,0
23,24,3,6,0,0,3,0
23,24,4,7,0,0,3,0
23,24,5,8,0,0,3,0
23,24,6,9,0,0,3,0
23,24,7,10,0,0,3,0
23,24,8,11,0,0,3,0
23,24,9,12,0,0,3,0
23,24,10,13,0,0,3,0
23,24,11,14,0,0,3,0
23,24,12,15,0,0,3,0
23,24,13,16,0,0,3,0
23,24,14,17,0,0,3,0
23,24,15,18,0,0,3,0
23,24,16,19,0,0,3,0
23,24,17,20,0,0,3,0
23,24,18,21,0,0,3,0
23,24,19,22,0,0,3,0
23,24,20,23,0,0,3,0
23,24,21,24,0,0,3,0
23,24,22,25,0,0,3,0
23,24,23,26,0,0,3,0
23,24,24,27,0,0,3,0
23,24,25,28,0,0,3,0
23,24,26,29,0,0,3,0
23,24,27,30,0,0,3,0
23,24,28,31,0,0,3,0
11,4,0,4,0,0,4,0
11,4,1,5,0,0,4,0
11,4,2,6,0,0,4,0
11,4,3,7,0,0,4,0
11,4,4,8,0,0,4,0
11,4,5,9,0,0,4,0
11,4,6,10,0,0,4,0
11,4,7,11,0,0,4,0
11,4,8,12,0,0,4,0
11,4,9,13,0,0,4,0
11,4,10,14,0,0,4,0
11,4,11,15,0,0,4,0
11,4,12,16,0,0,4,0
11,4,13,17,0,0,4,0
11,4,14,18,0,0,4,0
11,4,15,19,0,0,4,0
11,4,16,20,0,0,4,0
11,4,17,21,0,0,4,0
11,4,18,22,0,0,4,0
11,4,19,23,0,0,4,0
11,4,20,24,0,0,4,0
11,4,21,25,0,0,4,0
11,4,22,26,0,0,4,0
11,4,23,27,0,0,4,0
11,4,24,28,0,0,4,0
11,4,25,29,0,0,4,0
11,4,26,30,0,0,4,0
11,4,27,31,0,0,4,0
19,20,0,5,0,0,5,0
19,20,1,6,0,0,5,0
19,20,2,7,0,0,5,0
19,20,3,8,0,0,5,0
19,20,4,9,0,0,5,0
19,20,5,10,0,0,5,0
19,20,6,11,0,0,5,0
19,20,7,12,0,0,5,0
19,20,8,13,0,0,5,0
19,20,9,14,0,0,5,0
19,20,10,15,0,0,5,0
19,20,11,16,0,0,5,0
19,20,12,17,0,0,5,0
19,20,13,18,0,0,5,0
19,20,14,19,0,0,5,0
19,20,15,20,0,0,5,0
19,20,16,21,0,0,5,0
19,20,17,22,0,0,5,0
19,20,18,23,0,0,5,0
19,20,19,24,0,0,5,0
19,20,20,25,0,0,5,0
19,20,21,26,0,0,5,0
19,20,22,27,0,0,5,0
19,20,23,28,0,0,5,0
19,20,24,29,0,0,5,0
19,20,25,30,0,0,5,0
19,20,26,31,0,0,5,0
10,17,0,4,0,0,4,0
10,17,1,5,0,0,4,0
10,17,2,6,0,0,4,0
10,17,3,7,0,0,4,0
10,17,4,8,0,0,4,0
10,17,5,9,0,0,4,0
10,17,6,10,0,0,4,0
10,17,7,11,0,0,4,0
10,17,8,12,0,0,4,0
10,17,9,13,0,0,4,0
10,17,10,14,0,0,4,0
10,17,11,15,0,0,4,0
10,17,12,16,0,0,4,0
10,17,13,17,0,0,4,0
10,17,14,18,0,0,4,0
10,17,15,19,0,0,4,0
10,17,16,20,0,0,4,0
10,17,17,21,0,0,4,0
10,17,18,22,0,0,4,0
10,17,19,23,0,0,4,0
10,17,20,24,0,0,4,0
10,17,21,25,0,0,4,0
10,17,22,26,0,0,4,0
10,17,23,27,0,0,4,0
10,17,24,28,0,0,4,0
10,17,25,29,0,0,4,0
10,17,26,30,0,0,4,0
10,17,27,31,0,0,4,0
20,21,0,3,0,0,3,0
20,21,1,4,0,0,3,0
20,21,2,5,0,0,3,0
20,21,3,6,0,0,3,0
20,21,4,7,0,0,3,0
20,21,5,8,0,0,3,0
20,21,6,9,0,0,3,0
20,21,7,10,0,0,3,0
20,21,8,11,0,0,3,0
20,21,9,12,0,0,3,0
20,21,10,13,0,0,3,0
20,21,11,14,0,0,3,0
20,21,12,15,0,0,3,0
20,21,13,16,0,0,3,0
20,21,14,17,0,0,3,0
20,21,15,18,0,0,3,0
20,21,16,19,0,0,3,0
20,21,17,20,0,0,3,0
20,21,18,21,0,0,3,0
20,21,19,22,0,0,3,0
20,21,20,23,0,0,3,0
20,21,21,24,0,0,3,0
20,21,22,25,0,0,3,0
20,21,23,26,0,0,3,0
20,21,24,27,0,0,3,0
20,21,25,28,0,0,3,0
20,21,26,29,0,0,3,0
20,21,27,30,0,0,3,0
20,21,28,31,0,0,3,0
21,20,0,3,0,0,3,0
21,20,1,4,0,0,3,0
21,20,2,5,0,0,3,0
21,20,3,6,0,0,3,0
21,20,4,7,0,0,3,0
21,20,5,8,0,0,3,0
21,20,6,9,0,0,3,0
21,20,7,10,0,0,3,0
21,20,8,11,0,0,3,0
21,20,9,12,0,0,3,0
21,20,10,13,0,0,3,0
21,20,11,14,0,0,3,0
21,20,12,15,0,0,3,0
21,20,13,16,0,0,3,0
21,20,14,17,0,0,3,0
21,20,15,18,0,0,3,0
21,20,16,19,0,0,3,0
21,20,17,20,0,0,3,0
21,20,18,21,0,0,3,0
21,20,19,22,0,0,3,0
21,20,20,23,0,0,3,0
21,20,21,24,0,0,3,0
21,20,22,25,0,0,3,0
21,20,23,26,0,0,3,0
21,20,24,27,0,0,3,0
21,20,25,28,0,0,3,0
21,20,26,29,0,0,3,0
21,20,27,30,0,0,3,0
21,20,28,31,0,0,3,0
14,23,0,2,0,0,2,0
14,23,1,3,0,0,2,0
14,23,2,4,0,0,2,0
14,23,3,5,0,0,2,0
14,23,4,6,0,0,2,0
14,23,5,7,0,0,2,0
14,23,6,8,0,0,2,0
14,23,7,9,0,0,2,0
14,23,8,10,0,0,2,0
14,23,9,11,0,0,2,0
14,23,10,12,0,0,2,0
14,23,11,13,0,0,2,0
14,23,12,14,0,0,2,0
14,23,13,15,0,0,2,0
14,23,14,16,0,0,2,0
14,23,15,17,0,0,2,0
14,23,16,18,0,0,2,0
14,23,17,19,0,0,2,0
14,23,18,20,0,0,2,0
14,23,19,21,0,0,2,0
14,23,20,22,0,0,2,0
14,23,21,23,0,0,2,0
14,23,22,24,0,0,2,0
14,23,23,25,0,0,2,0
14,23,24,26,0,0,2,0
14,23,25,27,0,0,2,0
14,23,26,28,0,0,2,0
14,23,27,29,0,0,2,0
14,23,28,30,0,0,2,0
14,23,29,31,0,0,2,0
2,6,0,2,0,0,2,0
2,6,1,3,0,0,2,0
2,6,2,4,0,0,2,0
2,6,3,5,0,0,2,0
2,6,4,6,0,0,2,0
2,6,5,7,0,0,2,0
2,6,6,8,0,0,2,0
2,6,7,9,0,0,2,0
2,6,8,10,0,0,2,0
2,6,9,11,0,0,2,0
2,6,10,12,0,0,2,0
2,6,11,13,0,0,2,0
2,6,12,14,0,0,2,0
2,6,13,15,0,0,2,0
2,6,14,16,0,0,2,0
2,6,15,17,0,0,2,0
2,6,16,18,0,0,2,0
2,6,17,19,0,0,2,0
2,6,18,20,0,0,2,0
2,6,19,21,0,0,2,0
2,6,20,22,0,0,2,0
2,6,21,23,0,0,2,0
2,6,22,24,0,0,2,0
2,6,23,25,0,0,2,0
2,6,24,26,0,0,2,0
2,6,25,27,0,0,2,0
2,6,26,28,0,0,2,0
2,6,27,29,0,0,2,0
2,6,28,30,0,0,2,0
2,6,29,31,0,0,2,0
5,4,0,3,0,0,3,0
5,4,1,4,0,0,3,0
5,4,2,5,0,0,3,0
5,4,3,6,0,0,3,0
5,4,4,7,0,0,3,0
5,4,5,8,0,0,3,0
5,4,6,9,0,0,3,0
5,4,7,10,0,0,3,0
5,4,8,11,0,0,3,0
5,4,9,12,0,0,3,0
5,4,10,13,0,0,3,0
5,4,11,14,0,0,3,0
5,4,12,15,0,0,3,0
5,4,13,16,0,0,3,0
5,4,14,17,0,0,3,0
5,4,15,18,0,0,3,0
5,4,16,19,0,0,3,0
5,4,17,20,0,0,3,0
5,4,18,21,0,0,3,0
5,4,19,22,0,0,3,0
5,4,20,23,0,0,3,0
5,4,21,24,0,0,3,0
5,4,22,25,0,0,3,0
5,4,23,26,0,0,3,0
5,4,24,27,0,0,3,0
5,4,25,28,0,0,3,0
5,4,26,29,0,0,3,0
5,4,27,30,0,0,3,0
5,4,28,31,0,0,3,0
22,20,0,4,0,0,4,0
22,20,1,5,0,0,4,0
22,20,2,6,0,0,4,0
22,20,3,7,0,0,4,0
22,20,4,8,0,0,4,0
22,20,5,9,0,0,4,0
22,20,6,10,0,0,4,0
22,20,7,11,0,0,4,0
22,20,8,12,0,0,4,0
22,20,9,13,0,0,4,0
22,20,10,14,0,0,4,0
22,20,11,15,0,0,4,0
22,20,12,16,0,0,4,0
22,20,13,17,0,0,4,0
22,20,14,18,0,0,4,0
22,20,15,19,0,0,4,0
22,20,16,20,0,0,4,0
22,20,17,21,0,0,4,0
22,20,18,22,0,0,4,0
22,20,19,23,0,0,4,0
22,20,20,24,0,0,4,0
22,20,21,25,0,0,4,0
22,20,22,26,0,0,4,0
22,20,23,27,0,0,4,0
22,20,24,28,0,0,4,0
22,20,25,29,0,0,4,0
22,20,26,30,0,0,4,0
22,20,27,31,0,0,4,0
21,22,0,3,0,0,3,0
21,22,1,4,0,0,3,0
21,22,2,5,0,0,3,0
21,22,3,6,0,0,3,0
21,22,4,7,0,0,3,0
21,22,5,8,0,0,3,0
21,22,6,9,0,0,3,0
21,22,7,10,0,0,3,0
21,22,8,11,0,0,3,0
21,22,9,12,0,0,3,0
21,22,10,13,0,0,3,0
21,22,11,14,0,0,3,0
21,22,12,15,0,0,3,0
21,22,13,16,0,0,3,0
21,22,14,17,0,0,3,0
21,22,15,18,0,0,3,0
21,22,16,19,0,0,3,0
21,22,17,20,0,0,3,0
21,22,18,21,0,0,3,0
21,22,19,22,0,0,3,0
21,22,20,23,0,0,3,0
21,22,21,24,0,0,3,0
21,22,22,25,0,0,3,0
21,22,23,26,0,0,3,0
21,22,24,27,0,0,3,0
21,22,25,28,0,0,3,0
21,22,26,29,0,0,3,0
21,22,27,30,0,0,3,0
21,22,28,31,0,0,3,0
8,6,0,2,0,0,2,0
8,6,1,3,0,0,2,0
8,6,2,4,0,0,2,0
8,6,3,5,0,0,2,0
8,6,4,6,0,0,2,0
8,6,5,7,0,0,2,0
8,6,6,8,0,0,2,0
8,6,7,9,0,0,2,0
8,6,8,10,0,0,2,0
8,6,9,11,0,0,2,0
8,6,10,12,0,0,2,0
8,6,11,13,0,0,2,0
8,6,12,14,0,0,2,0
8,6,13,15,0,0,2,0
8,6,14,16,0,0,2,0
8,6,15,17,0,0,2,0
8,6,16,18,0,0,2,0
8,6,17,19,0,0,2,0
8,6,18,20,0,0,2,0
8,6,19,21,0,0,2,0
8,6,20,22,0,0,2,0
8,6,21,23,0,0,2,0
8,6,22,24,0,0,2,0
8,6,23,25,0,0,2,0
8,6,24,26,0,0,2,0
8,6,25,27,0,0,2,0
8,6,26,28,0,0,2,0
8,6,27,29,0,0,2,0
8,6,28,30,0,0,2,0
8,6,29,31,0,0,2,0
19,15,0,3,0,0,3,0
19,15,1,4,0,0,3,0
19,15,2,5,0,0,3,0
19,15,3,6,0,0,3,0
19,15,4,7,0,0,3,0
19,15,5,8,0,0,3,0
19,15,6,9,0,0,3,0
19,15,7,10,0,0,3,0
19,15,8,11,0,0,3,0
19,15,9,12,0,0,3,0
19,15,10,13,0,0,3,0
19,15,11,14,0,0,3,0
19,15,12,15,0,0,3,0
19,15,13,16,0,0,3,0
19,15,14,17,0,0,3,0
19,15,15,18,0,0,3,0
19,15,16,19,0,0,3,0
19,15,17,20,0,0,3,0
19,15,18,21,0,0,3,0
19,15,19,22,0,0,3,0
19,15,20,23,0,0,3,0
19,15,21,24,0,0,3,0
19,15,22,25,0,0,3,0
19,15,23,26,0,0,3,0
19,15,24,27,0,0,3,0
19,15,25,28,0,0,3,0
19,15,26,29,0,0,3,0
19,15,27,30,0,0,3,0
19,15,28,31,0,0,3,0
6,8,0,2,0,0,2,0
6,8,1,3,0,0,2,0
6,8,2,4,0,0,2,0
6,8,3,5,0,0,2,0
6,8,4,6,0,0,2,0
6,8,5,7,0,0,2,0
6,8,6,8,0,0,2,0
6,8,7,9,0,0,2,0
6,8,8,10,0,0,2,0
6,8,9,11,0,0,2,0
6,8,10,12,0,0,2,0
6,8,11,13,0,0,2,0
6,8,12,14,0,0,2,0
6,8,13,15,0,0,2,0
6,8,14,16,0,0,2,0
6,8,15,17,0,0,2,0
6,8,16,18,0,0,2,0
6,8,17,19,0,0,2,0
6,8,18,20,0,0,2,0
6,8,19,21,0,0,2,0
6,8,20,22,0,0,2,0
6,8,21,23,0,0,2,0
6,8,22,24,0,0,2,0
6,8,23,25,0,0,2,0
6,8,24,26,0,0,2,0
6,8,25,27,0,0,2,0
6,8,26,28,0,0,2,0
6,8,27,29,0,0,2,0
6,8,28,30,0,0,2,0
6,8,29,31,0,0,2,0
12,3,0,4,0,0,4,0
12,3,1,5,0,0,4,0
12,3,2,6,0,0,4,0
12,3,3,7,0,0,4,0
12,3,4,8,0,0,4,0
12,3,5,9,0,0,4,0
12,3,6,10,0,0,4,0
12,3,7,11,0,0,4,0
12,3,8,12,0,0,4,0
12,3,9,13,0,0,4,0
12,3,10,14,0,0,4,0
12,3,11,15,0,0,4,0
12,3,12,16,0,0,4,0
12,3,13,17,0,0,4,0
12,3,14,18,0,0,4,0
12,3,15,19,0,0,4,0
12,3,16,20,0,0,4,0
12,3,17,21,0,0,4,0
12,3,18,22,0,0,4,0
12,3,19,23,0,0,4,0
12,3,20,24,0,0,4,0
12,3,21,25,0,0,4,0
12,3,22,26,0,0,4,0
12,3,23,27,0,0,4,0
12,3,24,28,0,0,4,0
12,3,25,29,0,0,4,0
12,3,26,30,0,0,4,0
12,3,27,31,0,0,4,0
5,6,0,3,0,0,3,0
5,6,1,4,0,0,3,0
5,6,2,5,0,0,3,0
5,6,3,6,0,0,3,0
5,6,4,7,0,0,3,0
5,6,5,8,0,0,3,0
5,6,6,9,0,0,3,0
5,6,7,10,0,0,3,0
5,6,8,11,0,0,3,0
5,6,9,12,0,0,3,0
5,6,10,13,0,0,3,0
5,6,11,14,0,0,3,0
5,6,12,15,0,0,3,0
5,6,13,16,0,0,3,0
5,6,14,17,0,0,3,0
5,6,15,18,0,0,3,0
5,6,16,19,0,0,3,0
5,6,17,20,0,0,3,0
5,6,18,21,0,0,3,0
5,6,19,22,0,0,3,0
5,6,20,23,0,0,3,0
5,6,21,24,0,0,3,0
5,6,22,25,0,0,3,0
5,6,23,26,0,0,3,0
5,6,24,27,0,0,3,0
5,6,25,28,0,0,3,0
5,6,26,29,0,0,3,0
5,6,27,30,0,0,3,0
5,6,28,31,0,0,3,0
21,24,0,3,0,0,3,0
21,24,1,4,0,0,3,0
21,24,2,5,0,0,3,0
21,24,3,6,0,0,3,0
21,24,4,7,0,0,3,0
21,24,5,8,0,0,3,0
21,24,6,9,0,0,3,0
21,24,7,10,0,0,3,0
21,24,8,11,0,0,3,0
21,24,9,12,0,0,3,0
21,24,10,13,0,0,3,0
21,24,11,14,0,0,3,0
21,24,12,15,0,0,3,0
21,24,13,16,0,0,3,0
21,24,14,17,0,0,3,0
21,24,15,18,0,0,3,0
21,24,16,19,0,0,3,0
21,24,17,20,0,0,3,0
21,24,18,21,0,0,3,0
21,24,19,22,0,0,3,0
21,24,20,23,0,0,3,0
21,24,21,24,0,0,3,0
21,24,22,25,0,0,3,0
21,24,23,26,0,0,3,0
21,24,24,27,0,0,3,0
21,24,25,28,0,0,3,0
21,24,26,29,0,0,3,0
21,24,27,30,0,0,3,0
21,24,28,31,0,0,3,0
1,2,0,8,0,0,8,0
1,2,1,9,0,0,8,0
1,2,2,10,0,0,8,0
1,2,3,11,0,0,8,0
1,2,4,12,0,0,8,0
1,2,5,13,0,0,8,0
1,2,6,14,0,0,8,0
1,2,7,15,0,0,8,0
1,2,8,16,0,0,8,0
1,2,9,17,0,0,8,0
1,2,10,18,0,0,8,0
1,2,11,19,0,0,8,0
1,2,12,20,0,0,8,0
1,2,13,21,0,0,8,0
1,2,14,22,0,0,8,0
1,2,15,23,0,0,8,0
1,2,16,24,0,0,8,0
1,2,17,25,0,0,8,0
1,2,18,26,0,0,8,0
1,2,19,27,0,0,8,0
1,2,20,28,0,0,8,0
1,2,21,29,0,0,8,0
1,2,22,30,0,0,8,0
1,2,23,31,0,0,8,0
2,1,0,8,0,0,8,0
2,1,1,9,0,0,8,0
2,1,2,10,0,0,8,0
2,1,3,11,0,0,8,0
2,1,4,12,0,0,8,0
2,1,5,13,0,0,8,0
2,1,6,14,0,0,8,0
2,1,7,15,0,0,8,0
2,1,8,16,0,0,8,0
2,1,9,17,0,0,8,0
2,1,10,18,0,0,8,0
2,1,11,19,0,0,8,0
2,1,12,20,0,0,8,0
2,1,13,21,0,0,8,0
2,1,14,22,0,0,8,0
2,1,15,23,0,0,8,0
2,1,16,24,0,0,8,0
2,1,17,25,0,0,8,0
2,1,18,26,0,0,8,0
2,1,19,27,0,0,8,0
2,1,20,28,0,0,8,0
2,1,21,29,0,0,8,0
2,1,22,30,0,0,8,0
2,1,23,31,0,0,8,0
19,17,0,2,0,0,2,0
19,17,1,3,0,0,2,0
19,17,2,4,0,0,2,0
19,17,3,5,0,0,2,0
19,17,4,6,0,0,2,0
19,17,5,7,0,0,2,0
19,17,6,8,0,0,2,0
19,17,7,9,0,0,2,0
19,17,8,10,0,0,2,0
19,17,9,11,0,0,2,0
19,17,10,12,0,0,2,0
19,17,11,13,0,0,2,0
19,17,12,14,0,0,2,0
19,17,13,15,0,0,2,0
19,17,14,16,0,0,2,0
19,17,15,17,0,0,2,0
19,17,16,18,0,0,2,0
19,17,17,19,0,0,2,0
19,17,18,20,0,0,2,0
19,17,19,21,0,0,2,0
19,17,20,22,0,0,2,0
19,17,21,23,0,0,2,0
19,17,22,24,0,0,2,0
19,17,23,25,0,0,2,0
19,17,24,26,0,0,2,0
19,17,25,27,0,0,2,0
19,17,26,28,0,0,2,0
19,17,27,29,0,0,2,0
19,17,28,30,0,0,2,0
19,17,29,31,0,0,2,0
15,22,0,2,0,0,2,0
15,22,1,3,0,0,2,0
15,22,2,4,0,0,2,0
15,22,3,5,0,0,2,0
15,22,4,6,0,0,2,0
15,22,5,7,0,0,2,0
15,22,6,8,0,0,2,0
15,22,7,9,0,0,2,0
15,22,8,10,0,0,2,0
15,22,9,11,0,0,2,0
15,22,10,12,0,0,2,0
15,22,11,13,0,0,2,0
15,22,12,14,0,0,2,0
15,22,13,15,0,0,2,0
15,22,14,16,0,0,2,0
15,22,15,17,0,0,2,0
15,22,16,18,0,0,2,0
15,22,17,19,0,0,2,0
15,22,18,20,0,0,2,0
15,22,19,21,0,0,2,0
15,22,20,22,0,0,2,0
15,22,21,23,0,0,2,0
15,22,22,24,0,0,2,0
15,22,23,25,0,0,2,0
15,22,24,26,0,0,2,0
15,22,25,27,0,0,2,0
15,22,26,28,0,0,2,0
15,22,27,29,0,0,2,0
15,22,28,30,0,0,2,0
15,22,29,31,0,0,2,0
20,18,0,10,0,0,10,0
20,18,1,11,0,0,10,0
20,18,2,12,0,0,10,0
20,18,3,13,0,0,10,0
20,18,4,14,0,0,10,0
20,18,5,15,0,0,10,0
20,18,6,16,0,0,10,0
20,18,7,17,0,0,10,0
20,18,8,18,0,0,10,0
20,18,9,19,0,0,10,0
20,18,10,20,0,0,10,0
20,18,11,21,0,0,10,0
20,18,12,22,0,0,10,0
20,18,13,23,0,0,10,0
20,18,14,24,0,0,10,0
20,18,15,25,0,0,10,0
20,18,16,26,0,0,10,0
20,18,17,27,0,0,10,0
20,18,18,28,0,0,10,0
20,18,19,29,0,0,10,0
20,18,20,30,0,0,10,0
20,18,21,31,0,0,10,0
7,18,0,2,0,0,2,0
7,18,1,3,0,0,2,0
7,18,2,4,0,0,2,0
7,18,3,5,0,0,2,0
7,18,4,6,0,0,2,0
7,18,5,7,0,0,2,0
7,18,6,8,0,0,2,0
7,18,7,9,0,0,2,0
7,18,8,10,0,0,2,0
7,18,9,11,0,0,2,0
7,18,10,12,0,0,2,0
7,18,11,13,0,0,2,0
7,18,12,14,0,0,2,0
7,18,13,15,0,0,2,0
7,18,14,16,0,0,2,0
7,18,15,17,0,0,2,0
7,18,16,18,0,0,2,0
7,18,17,19,0,0,2,0
7,18,18,20,0,0,2,0
7,18,19,21,0,0,2,0
7,18,20,22,0,0,2,0
7,18,21,23,0,0,2,0
7,18,22,24,0,0,2,0
7,18,23,25,0,0,2,0
7,18,24,26,0,0,2,0
7,18,25,27,0,0,2,0
7,18,26,28,0,0,2,0
7,18,27,29,0,0,2,0
7,18,28,30,0,0,2,0
7,18,29,31,0,0,2,0
23,14,0,2,0,0,2,0
23,14,1,3,0,0,2,0
23,14,2,4,0,0,2,0
23,14,3,5,0,0,2,0
23,14,4,6,0,0,2,0
23,14,5,7,0,0,2,0
23,14,6,8,0,0,2,0
23,14,7,9,0,0,2,0
23,14,8,10,0,0,2,0
23,14,9,11,0,0,2,0
23,14,10,12,0,0,2,0
23,14,11,13,0,0,2,0
23,14,12,14,0,0,2,0
23,14,13,15,0,0,2,0
23,14,14,16,0,0,2,0
23,14,15,17,0,0,2,0
23,14,16,18,0,0,2,0
23,14,17,19,0,0,2,0
23,14,18,20,0,0,2,0
23,14,19,21,0,0,2,0
23,14,20,22,0,0,2,0
23,14,21,23,0,0,2,0
23,14,22,24,0,0,2,0
23,14,23,25,0,0,2,0
23,14,24,26,0,0,2,0
23,14,25,27,0,0,2,0
23,14,26,28,0,0,2,0
23,14,27,29,0,0,2,0
23,14,28,30,0,0,2,0
23,14,29,31,0,0,2,0
14,11,0,4,0,0,4,0
14,11,1,5,0,0,4,0
14,11,2,6,0,0,4,0
14,11,3,7,0,0,4,0
14,11,4,8,0,0,4,0
14,11,5,9,0,0,4,0
14,11,6,10,0,0,4,0
14,11,7,11,0,0,4,0
14,11,8,12,0,0,4,0
14,11,9,13,0,0,4,0
14,11,10,14,0,0,4,0
14,11,11,15,0,0,4,0
14,11,12,16,0,0,4,0
14,11,13,17,0,0,4,0
14,11,14,18,0,0,4,0
14,11,15,19,0,0,4,0
14,11,16,20,0,0,4,0
14,11,17,21,0,0,4,0
14,11,18,22,0,0,4,0
14,11,19,23,0,0,4,0
14,11,20,24,0,0,4,0
14,11,21,25,0,0,4,0
14,11,22,26,0,0,4,0
14,11,23,27,0,0,4,0
14,11,24,28,0,0,4,0
14,11,25,29,0,0,4,0
14,11,26,30,0,0,4,0
14,11,27,31,0,0,4,0
10,16,0,3,0,0,3,0
10,16,1,4,0,0,3,0
10,16,2,5,0,0,3,0
10,16,3,6,0,0,3,0
10,16,4,7,0,0,3,0
10,16,5,8,0,0,3,0
10,16,6,9,0,0,3,0
10,16,7,10,0,0,3,0
10,16,8,11,0,0,3,0
10,16,9,12,0,0,3,0
10,16,10,13,0,0,3,0
10,16,11,14,0,0,3,0
10,16,12,15,0,0,3,0
10,16,13,16,0,0,3,0
10,16,14,17,0,0,3,0
10,16,15,18,0,0,3,0
10,16,16,19,0,0,3,0
10,16,17,20,0,0,3,0
10,16,18,21,0,0,3,0
10,16,19,22,0,0,3,0
10,16,20,23,0,0,3,0
10,16,21,24,0,0,3,0
10,16,22,25,0,0,3,0
10,16,23,26,0,0,3,0
10,16,24,27,0,0,3,0
10,16,25,28,0,0,3,0
10,16,26,29,0,0,3,0
10,16,27,30,0,0,3,0
10,16,28,31,0,0,3,0
3,4,0,3,0,0,3,0
3,4,1,4,0,0,3,0
3,4,2,5,0,0,3,0
3,4,3,6,0,0,3,0
3,4,4,7,0,0,3,0
3,4,5,8,0,0,3,0
3,4,6,9,0,0,3,0
3,4,7,10,0,0,3,0
3,4,8,11,0,0,3,0
3,4,9,12,0,0,3,0
3,4,10,13,0,0,3,0
3,4,11,14,0,0,3,0
3,4,12,15,0,0,3,0
3,4,13,16,0,0,3,0
3,4,14,17,0,0,3,0
3,4,15,18,0,0,3,0
3,4,16,19,0,0,3,0
3,4,17,20,0,0,3,0
3,4,18,21,0,0,3,0
3,4,19,22,0,0,3,0
3,4,20,23,0,0,3,0
3,4,21,24,0,0,3,0
3,4,22,25,0,0,3,0
3,4,23,26,0,0,3,0
3,4,24,27,0,0,3,0
3,4,25,28,0,0,3,0
3,4,26,29,0,0,3,0
3,4,27,30,0,0,3,0
3,4,28,31,0,0,3,0
4,3,0,3,0,0,3,0
4,3,1,4,0,0,3,0
4,3,2,5,0,0,3,0
4,3,3,6,0,0,3,0
4,3,4,7,0,0,3,0
4,3,5,8,0,0,3,0
4,3,6,9,0,0,3,0
4,3,7,10,0,0,3,0
4,3,8,11,0,0,3,0
4,3,9,12,0,0,3,0
4,3,10,13,0,0,3,0
4,3,11,14,0,0,3,0
4,3,12,15,0,0,3,0
4,3,13,16,0,0,3,0
4,3,14,17,0,0,3,0
4,3,15,18,0,0,3,0
4,3,16,19,0,0,3,0
4,3,17,20,0,0,3,0
4,3,18,21,0,0,3,0
4,3,19,22,0,0,3,0
4,3,20,23,0,0,3,0
4,3,21,24,0,0,3,0
4,3,22,25,0,0,3,0
4,3,23,26,0,0,3,0
4,3,24,27,0,0,3,0
4,3,25,28,0,0,3,0
4,3,26,29,0,0,3,0
4,3,27,30,0,0,3,0
4,3,28,31,0,0,3,0
18,20,0,10,0,0,10,0
18,20,1,11,0,0,10,0
18,20,2,12,0,0,10,0
18,20,3,13,0,0,10,0
18,20,4,14,0,0,10,0
18,20,5,15,0,0,10,0
18,20,6,16,0,0,10,0
18,20,7,17,0,0,10,0
18,20,8,18,0,0,10,0
18,20,9,19,0,0,10,0
18,20,10,20,0,0,10,0
18,20,11,21,0,0,10,0
18,20,12,22,0,0,10,0
18,20,13,23,0,0,10,0
18,20,14,24,0,0,10,0
18,20,15,25,0,0,10,0
18,20,16,26,0,0,10,0
18,20,17,27,0,0,10,0
18,20,18,28,0,0,10,0
18,20,19,29,0,0,10,0
18,20,20,30,0,0,10,0
18,20,21,31,0,0,10,0
10,9,0,2,0,0,2,0
10,9,1,3,0,0,2,0
10,9,2,4,0,0,2,0
10,9,3,5,0,0,2,0
10,9,4,6,0,0,2,0
10,9,5,7,0,0,2,0
10,9,6,8,0,0,2,0
10,9,7,9,0,0,2,0
10,9,8,10,0,0,2,0
10,9,9,11,0,0,2,0
10,9,10,12,0,0,2,0
10,9,11,13,0,0,2,0
10,9,12,14,0,0,2,0
10,9,13,15,0,0,2,0
10,9,14,16,0,0,2,0
10,9,15,17,0,0,2,0
10,9,16,18,0,0,2,0
10,9,17,19,0,0,2,0
10,9,18,20,0,0,2,0
10,9,19,21,0,0,2,0
10,9,20,22,0,0,2,0
10,9,21,23,0,0,2,0
10,9,22,24,0,0,2,0
10,9,23,25,0,0,2,0
10,9,24,26,0,0,2,0
10,9,25,27,0,0,2,0
10,9,26,28,0,0,2,0
10,9,27,29,0,0,2,0
10,9,28,30,0,0,2,0
10,9,29,31,0,0,2,0
6,5,0,3,0,0,3,0
6,5,1,4,0,0,3,0
6,5,2,5,0,0,3,0
6,5,3,6,0,0,3,0
6,5,4,7,0,0,3,0
6,5,5,8,0,0,3,0
6,5,6,9,0,0,3,0
6,5,7,10,0,0,3,0
6,5,8,11,0,0,3,0
6,5,9,12,0,0,3,0
6,5,10,13,0,0,3,0
6,5,11,14,0,0,3,0
6,5,12,15,0,0,3,0
6,5,13,16,0,0,3,0
6,5,14,17,0,0,3,0
6,5,15,18,0,0,3,0
6,5,16,19,0,0,3,0
6,5,17,20,0,0,3,0
6,5,18,21,0,0,3,0
6,5,19,22,0,0,3,0
6,5,20,23,0,0,3,0
6,5,21,24,0,0,3,0
6,5,22,25,0,0,3,0
6,5,23,26,0,0,3,0
6,5,24,27,0,0,3,0
6,5,25,28,0,0,3,0
6,5,26,29,0,0,3,0
6,5,27,30,0,0,3,0
6,5,28,31,0,0,3,0
4,5,0,3,0,0,3,0
4,5,1,4,0,0,3,0
4,5,2,5,0,0,3,0
4,5,3,6,0,0,3,0
4,5,4,7,0,0,3,0
4,5,5,8,0,0,3,0
4,5,6,9,0,0,3,0
4,5,7,10,0,0,3,0
4,5,8,11,0,0,3,0
4,5,9,12,0,0,3,0
4,5,10,13,0,0,3,0
4,5,11,14,0,0,3,0
4,5,12,15,0,0,3,0
4,5,13,16,0,0,3,0
4,5,14,17,0,0,3,0
4,5,15,18,0,0,3,0
4,5,16,19,0,0,3,0
4,5,17,20,0,0,3,0
4,5,18,21,0,0,3,0
4,5,19,22,0,0,3,0
4,5,20,23,0,0,3,0
4,5,21,24,0,0,3,0
4,5,22,25,0,0,3,0
4,5,23,26,0,0,3,0
4,5,24,27,0,0,3,0
4,5,25,28,0,0,3,0
4,5,26,29,0,0,3,0
4,5,27,30,0,0,3,0
4,5,28,31,0,0,3,0
10,11,0,3,0,0,3,0
10,11,1,4,0,0,3,0
10,11,2,5,0,0,3,0
10,11,3,6,0,0,3,0
10,11,4,7,0,0,3,0
10,11,5,8,0,0,3,0
10,11,6,9,0,0,3,0
10,11,7,10,0,0,3,0
10,11,8,11,0,0,3,0
10,11,9,12,0,0,3,0
10,11,10,13,0,0,3,0
10,11,11,14,0,0,3,0
10,11,12,15,0,0,3,0
10,11,13,16,0,0,3,0
10,11,14,17,0,0,3,0
10,11,15,18,0,0,3,0
10,11,16,19,0,0,3,0
10,11,17,20,0,0,3,0
10,11,18,21,0,0,3,0
10,11,19,22,0,0,3,0
10,11,20,23,0,0,3,0
10,11,21,24,0,0,3,0
10,11,22,25,0,0,3,0
10,11,23,26,0,0,3,0
10,11,24,27,0,0,3,0
10,11,25,28,0,0,3,0
10,11,26,29,0,0,3,0
10,11,27,30,0,0,3,0
10,11,28,31,0,0,3,0
11,10,0,3,0,0,3,0
11,10,1,4,0,0,3,0
11,10,2,5,0,0,3,0
11,10,3,6,0,0,3,0
11,10,4,7,0,0,3,0
11,10,5,8,0,0,3,0
11,10,6,9,0,0,3,0
11,10,7,10,0,0,3,0
11,10,8,11,0,0,3,0
11,10,9,12,0,0,3,0
11,10,10,13,0,0,3,0
11,10,11,14,0,0,3,0
11,10,12,15,0,0,3,0
11,10,13,16,0,0,3,0
11,10,14,17,0,0,3,0
11,10,15,18,0,0,3,0
11,10,16,19,0,0,3,0
11,10,17,20,0,0,3,0
11,10,18,21,0,0,3,0
11,10,19,22,0,0,3,0
11,10,20,23,0,0,3,0
11,10,21,24,0,0,3,0
11,10,22,25,0,0,3,0
11,10,23,26,0,0,3,0
11,10,24,27,0,0,3,0
11,10,25,28,0,0,3,0
11,10,26,29,0,0,3,0
11,10,27,30,0,0,3,0
11,10,28,31,0,0,3,0
0,28,0,0,0,0,0,4
0,28,1,1,0,0,0,4
0,28,2,2,0,0,0,4
0,28,3,3,0,0,0,4
0,28,4,4,0,0,0,4
0,28,5,5,0,0,0,4
0,28,6,6,0,0,0,4
0,28,7,7,0,0,0,4
0,28,8,8,0,0,0,4
0,28,9,9,0,0,0,4
0,28,10,10,0,0,0,4
0,28,11,11,0,0,0,4
0,28,12,12,0,0,0,4
0,28,13,13,0,0,0,4
0,28,14,14,0,0,0,4
0,28,15,15,0,0,0,4
0,28,16,16,0,0,0,4
0,28,17,17,0,0,0,4
0,28,18,18,0,0,0,4
0,28,19,19,0,0,0,4
0,28,20,20,0,0,0,4
0,28,21,21,0,0,0,4
0,28,22,22,0,0,0,4
0,28,23,23,0,0,0,4
0,28,24,24,0,0,0,4
0,28,25,25,0,0,0,4
0,28,26,26,0,0,0,4
0,28,27,27,0,0,0,4
0,28,28,28,0,0,0,4
0,28,29,29,0,0,0,4
0,28,30,30,0,0,0,4
0,28,31,31,0,0,0,4
15,10,0,4,0,0,4,0
15,10,1,5,0,0,4,0
15,10,2,6,0,0,4,0
15,10,3,7,0,0,4,0
15,10,4,8,0,0,4,0
15,10,5,9,0,0,4,0
15,10,6,10,0,0,4,0
15,10,7,11,0,0,4,0
15,10,8,12,0,0,4,0
15,10,9,13,0,0,4,0
15,10,10,14,0,0,4,0
15,10,11,15,0,0,4,0
15,10,12,16,0,0,4,0
15,10,13,17,0,0,4,0
15,10,14,18,0,0,4,0
15,10,15,19,0,0,4,0
15,10,16,20,0,0,4,0
15,10,17,21,0,0,4,0
15,10,18,22,0,0,4,0
15,10,19,23,0,0,4,0
15,10,20,24,0,0,4,0
15,10,21,25,0,0,4,0
15,10,22,26,0,0,4,0
15,10,23,27,0,0,4,0
15,10,24,28,0,0,4,0
15,10,25,29,0,0,4,0
15,10,26,30,0,0,4,0
15,10,27,31,0,0,4,0
24,13,0,3,0,0,3,0
24,13,1,4,0,0,3,0
24,13,2,5,0,0,3,0
24,13,3,6,0,0,3,0
24,13,4,7,0,0,3,0
24,13,5,8,0,0,3,0
24,13,6,9,0,0,3,0
24,13,7,10,0,0,3,0
24,13,8,11,0,0,3,0
24,13,9,12,0,0,3,0
24,13,10,13,0,0,3,0
24,13,11,14,0,0,3,0
24,13,12,15,0,0,3,0
24,13,13,16,0,0,3,0
24,13,14,17,0,0,3,0
24,13,15,18,0,0,3,0
24,13,16,19,0,0,3,0
24,13,17,20,0,0,3,0
24,13,18,21,0,0,3,0
24,13,19,22,0,0,3,0
24,13,20,23,0,0,3,0
24,13,21,24,0,0,3,0
24,13,22,25,0,0,3,0
24,13,23,26,0,0,3,0
24,13,24,27,0,0,3,0
24,13,25,28,0,0,3,0
24,13,26,29,0,0,3,0
24,13,27,30,0,0,3,0
24,13,28,31,0,0,3,0
15,19,0,3,0,0,3,0
15,19,1,4,0,0,3,0
15,19,2,5,0,0,3,0
15,19,3,6,0,0,3,0
15,19,4,7,0,0,3,0
15,19,5,8,0,0,3,0
15,19,6,9,0,0,3,0
15,19,7,10,0,0,3,0
15,19,8,11,0,0,3,0
15,19,9,12,0,0,3,0
15,19,10,13,0,0,3,0
15,19,11,14,0,0,3,0
15,19,12,15,0,0,3,0
15,19,13,16,0,0,3,0
15,19,14,17,0,0,3,0
15,19,15,18,0,0,3,0
15,19,16,19,0,0,3,0
15,19,17,20,0,0,3,0
15,19,18,21,0,0,3,0
15,19,19,22,0,0,3,0
15,19,20,23,0,0,3,0
15,19,21,24,0,0,3,0
15,19,22,25,0,0,3,0
15,19,23,26,0,0,3,0
15,19,24,27,0,0,3,0
15,19,25,28,0,0,3,0
15,19,26,29,0,0,3,0
15,19,27,30,0,0,3,0
15,19,28,31,0,0,3,0
16,18,0,3,0,0,3,0
16,18,1,4,0,0,3,0
16,18,2,5,0,0,3,0
16,18,3,6,0,0,3,0
16,18,4,7,0,0,3,0
16,18,5,8,0,0,3,0
16,18,6,9,0,0,3,0
16,18,7,10,0,0,3,0
16,18,8,11,0,0,3,0
16,18,9,12,0,0,3,0
16,18,10,13,0,0,3,0
16,18,11,14,0,0,3,0
16,18,12,15,0,0,3,0
16,18,13,16,0,0,3,0
16,18,14,17,0,0,3,0
16,18,15,18,0,0,3,0
16,18,16,19,0,0,3,0
16,18,17,20,0,0,3,0
16,18,18,21,0,0,3,0
16,18,19,22,0,0,3,0
16,18,20,23,0,0,3,0
16,18,21,24,0,0,3,0
16,18,22,25,0,0,3,0
16,18,23,26,0,0,3,0
16,18,24,27,0,0,3,0
16,18,25,28,0,0,3,0
16,18,26,29,0,0,3,0
16,18,27,30,0,0,3,0
16,18,28,31,0,0,3,0
12,11,0,3,0,0,3,0
12,11,1,4,0,0,3,0
12,11,2,5,0,0,3,0
12,11,3,6,0,0,3,0
12,11,4,7,0,0,3,0
12,11,5,8,0,0,3,0
12,11,6,9,0,0,3,0
12,11,7,10,0,0,3,0
12,11,8,11,0,0,3,0
12,11,9,12,0,0,3,0
12,11,10,13,0,0,3,0
12,11,11,14,0,0,3,0
12,11,12,15,0,0,3,0
12,11,13,16,0,0,3,0
12,11,14,17,0,0,3,0
12,11,15,18,0,0,3,0
12,11,16,19,0,0,3,0
12,11,17,20,0,0,3,0
12,11,18,21,0,0,3,0
12,11,19,22,0,0,3,0
12,11,20,23,0,0,3,0
12,11,21,24,0,0,3,0
12,11,22,25,0,0,3,0
12,11,23,26,0,0,3,0
12,11,24,27,0,0,3,0
12,11,25,28,0,0,3,0
12,11,26,29,0,0,3,0
12,11,27,30,0,0,3,0
12,11,28,31,0,0,3,0
22,15,0,2,0,0,2,0
22,15,1,3,0,0,2,0
22,15,2,4,0,0,2,0
22,15,3,5,0,0,2,0
22,15,4,6,0,0,2,0
22,15,5,7,0,0,2,0
22,15,6,8,0,0,2,0
22,15,7,9,0,0,2,0
22,15,8,10,0,0,2,0
22,15,9,11,0,0,2,0
22,15,10,12,0,0,2,0
22,15,11,13,0,0,2,0
22,15,12,14,0,0,2,0
22,15,13,15,0,0,2,0
22,15,14,16,0,0,2,0
22,15,15,17,0,0,2,0
22,15,16,18,0,0,2,0
22,15,17,19,0,0,2,0
22,15,18,20,0,0,2,0
22,15,19,21,0,0,2,0
22,15,20,22,0,0,2,0
22,15,21,23,0,0,2,0
22,15,22,24,0,0,2,0
22,15,23,25,0,0,2,0
22,15,24,26,0,0,2,0
22,15,25,27,0,0,2,0
22,15,26,28,0,0,2,0
22,15,27,29,0,0,2,0
22,15,28,30,0,0,2,0
22,15,29,31,0,0,2,0
17,10,0,4,0,0,4,0
17,10,1,5,0,0,4,0
17,10,2,6,0,0,4,0
17,10,3,7,0,0,4,0
17,10,4,8,0,0,4,0
17,10,5,9,0,0,4,0
17,10,6,10,0,0,4,0
17,10,7,11,0,0,4,0
17,10,8,12,0,0,4,0
17,10,9,13,0,0,4,0
17,10,10,14,0,0,4,0
17,10,11,15,0,0,4,0
17,10,12,16,0,0,4,0
17,10,13,17,0,0,4,0
17,10,14,18,0,0,4,0
17,10,15,19,0,0,4,0
17,10,16,20,0,0,4,0
17,10,17,21,0,0,4,0
17,10,18,22,0,0,4,0
17,10,19,23,0,0,4,0
17,10,20,24,0,0,4,0
17,10,21,25,0,0,4,0
17,10,22,26,0,0,4,0
17,10,23,27,0,0,4,0
17,10,24,28,0,0,4,0
17,10,25,29,0,0,4,0
17,10,26,30,0,0,4,0
17,10,27,31,0,0,4,0
8,7,0,3,0,0,3,0
8,7,1,4,0,0,3,0
8,7,2,5,0,0,3,0
8,7,3,6,0,0,3,0
8,7,4,7,0,0,3,0
8,7,5,8,0,0,3,0
8,7,6,9,0,0,3,0
8,7,7,10,0,0,3,0
8,7,8,11,0,0,3,0
8,7,9,12,0,0,3,0
8,7,10,13,0,0,3,0
8,7,11,14,0,0,3,0
8,7,12,15,0,0,3,0
8,7,13,16,0,0,3,0
8,7,14,17,0,0,3,0
8,7,15,18,0,0,3,0
8,7,16,19,0,0,3,0
8,7,17,20,0,0,3,0
8,7,18,21,0,0,3,0
8,7,19,22,0,0,3,0
8,7,20,23,0,0,3,0
8,7,21,24,0,0,3,0
8,7,22,25,0,0,3,0
8,7,23,26,0,0,3,0
8,7,24,27,0,0,3,0
8,7,25,28,0,0,3,0
8,7,26,29,0,0,3,0
8,7,27,30,0,0,3,0
8,7,28,31,0,0,3,0
17,19,0,2,0,0,2,0
17,19,1,3,0,0,2,0
17,19,2,4,0,0,2,0
17,19,3,5,0,0,2,0
17,19,4,6,0,0,2,0
17,19,5,7,0,0,2,0
17,19,6,8,0,0,2,0
17,19,7,9,0,0,2,0
17,19,8,10,0,0,2,0
17,19,9,11,0,0,2,0
17,19,10,12,0,0,2,0
17,19,11,13,0,0,2,0
17,19,12,14,0,0,2,0
17,19,13,15,0,0,2,0
17,19,14,16,0,0,2,0
17,19,15,17,0,0,2,0
17,19,16,18,0,0,2,0
17,19,17,19,0,0,2,0
17,19,18,20,0,0,2,0
17,19,19,21,0,0,2,0
17,19,20,22,0,0,2,0
17,19,21,23,0,0,2,0
17,19,22,24,0,0,2,0
17,19,23,25,0,0,2,0
17,19,24,26,0,0,2,0
17,19,25,27,0,0,2,0
17,19,26,28,0,0,2,0
17,19,27,29,0,0,2,0
17,19,28,30,0,0,2,0
17,19,29,31,0,0,2,0
8,16,0,2,0,0,2,0
8,16,1,3,0,0,2,0
8,16,2,4,0,0,2,0
8,16,3,5,0,0,2,0
8,16,4,6,0,0,2,0
8,16,5,7,0,0,2,0
8,16,6,8,0,0,2,0
8,16,7,9,0,0,2,0
8,16,8,10,0,0,2,0
8,16,9,11,0,0,2,0
8,16,10,12,0,0,2,0
8,16,11,13,0,0,2,0
8,16,12,14,0,0,2,0
8,16,13,15,0,0,2,0
8,16,14,16,0,0,2,0
8,16,15,17,0,0,2,0
8,16,16,18,0,0,2,0
8,16,17,19,0,0,2,0
8,16,18,20,0,0,2,0
8,16,19,21,0,0,2,0
8,16,20,22,0,0,2,0
8,16,21,23,0,0,2,0
8,16,22,24,0,0,2,0
8,16,23,25,0,0,2,0
8,16,24,26,0,0,2,0
8,16,25,27,0,0,2,0
8,16,26,28,0,0,2,0
8,16,27,29,0,0,2,0
8,16,28,30,0,0,2,0
8,16,29,31,0,0,2,0
11,12,0,3,0,0,3,0
11,12,1,4,0,0,3,0
11,12,2,5,0,0,3,0
11,12,3,6,0,0,3,0
11,12,4,7,0,0,3,0
11,12,5,8,0,0,3,0
11,12,6,9,0,0,3,0
11,12,7,10,0,0,3,0
11,12,8,11,0,0,3,0
11,12,9,12,0,0,3,0
11,12,10,13,0,0,3,0
11,12,11,14,0,0,3,0
11,12,12,15,0,0,3,0
11,12,13,16,0,0,3,0
11,12,14,17,0,0,3,0
11,12,15,18,0,0,3,0
11,12,16,19,0,0,3,0
11,12,17,20,0,0,3,0
11,12,18,21,0,0,3,0
11,12,19,22,0,0,3,0
11,12,20,23,0,0,3,0
11,12,21,24,0,0,3,0
11,12,22,25,0,0,3,0
11,12,23,26,0,0,3,0
11,12,24,27,0,0,3,0
11,12,25,28,0,0,3,0
11,12,26,29,0,0,3,0
11,12,27,30,0,0,3,0
11,12,28,31,0,0,3,0
7,8,0,3,0,0,3,0
7,8,1,4,0,0,3,0
7,8,2,5,0,0,3,0
7,8,3,6,0,0,3,0
7,8,4,7,0,0,3,0
7,8,5,8,0,0,3,0
7,8,6,9,0,0,3,0
7,8,7,10,0,0,3,0
7,8,8,11,0,0,3,0
7,8,9,12,0,0,3,0
7,8,10,13,0,0,3,0
7,8,11,14,0,0,3,0
7,8,12,15,0,0,3,0
7,8,13,16,0,0,3,0
7,8,14,17,0,0,3,0
7,8,15,18,0,0,3,0
7,8,16,19,0,0,3,0
7,8,17,20,0,0,3,0
7,8,18,21,0,0,3,0
7,8,19,22,0,0,3,0
7,8,20,23,0,0,3,0
7,8,21,24,0,0,3,0
7,8,22,25,0,0,3,0
7,8,23,26,0,0,3,0
7,8,24,27,0,0,3,0
7,8,25,28,0,0,3,0
7,8,26,29,0,0,3,0
7,8,27,30,0,0,3,0
7,8,28,31,0,0,3,0
13,24,0,3,0,0,3,0
13,24,1,4,0,0,3,0
13,24,2,5,0,0,3,0
13,24,3,6,0,0,3,0
13,24,4,7,0,0,3,0
13,24,5,8,0,0,3,0
13,24,6,9,0,0,3,0
13,24,7,10,0,0,3,0
13,24,8,11,0,0,3,0
13,24,9,12,0,0,3,0
13,24,10,13,0,0,3,0
13,24,11,14,0,0,3,0
13,24,12,15,0,0,3,0
13,24,13,16,0,0,3,0
13,24,14,17,0,0,3,0
13,24,15,18,0,0,3,0
13,24,16,19,0,0,3,0
13,24,17,20,0,0,3,0
13,24,18,21,0,0,3,0
13,24,19,22,0,0,3,0
13,24,20,23,0,0,3,0
13,24,21,24,0,0,3,0
13,24,22,25,0,0,3,0
13,24,23,26,0,0,3,0
13,24,24,27,0,0,3,0
13,24,25,28,0,0,3,0
13,24,26,29,0,0,3,0
13,24,27,30,0,0,3,0
13,24,28,31,0,0,3,0
0,0,0,1,0,0,1,1
0,0,1,2,0,0,1,1
0,0,2,3,0,0,1,1
0,0,3,4,0,0,1,1
0,0,4,5,0,0,1,1
0,0,5,6,0,0,1,1
0,0,6,7,0,0,1,1
0,0,7,8,0,0,1,1
0,0,8,9,0,0,1,1
0,0,9,10,0,0,1,1
0,0,10,11,0,0,1,1
0,0,11,12,0,0,1,1
0,0,12,13,0,0,1,1
0,0,13,14,0,0,1,1
0,0,14,15,0,0,1,1
0,0,15,16,0,0,1,1
0,0,16,17,0,0,1,1
0,0,17,18,0,0,1,1
0,0,18,19,0,0,1,1
0,0,19,20,0,0,1,1
0,0,20,21,0,0,1,1
0,0,21,22,0,0,1,1
0,0,22,23,0,0,1,1
0,0,23,24,0,0,1,1
0,0,24,25,0,0,1,1
0,0,25,26,0,0,1,1
0,0,26,27,0,0,1,1
0,0,27,28,0,0,1,1
0,0,28,29,0,0,1,1
0,0,29,30,0,0,1,1
0,0,30,31,0,0,1,1
1,1,0,1,0,0,1,1
1,1,1,2,0,0,1,1
1,1,2,3,0,0,1,1
1,1,3,4,0,0,1,1
1,1,4,5,0,0,1,1
1,1,5,6,0,0,1,1
1,1,6,7,0,0,1,1
1,1,7,8,0,0,1,1
1,1,8,9,0,0,1,1
1,1,9,10,0,0,1,1
1,1,10,11,0,0,1,1
1,1,11,12,0,0,1,1
1,1,12,13,0,0,1,1
1,1,13,14,0,0,1,1
1,1,14,15,0,0,1,1
1,1,15,16,0,0,1,1
1,1,16,17,0,0,1,1
1,1,17,18,0,0,1,1
1,1,18,19,0,0,1,1
1,1,19,20,0,0,1,1
1,1,20,21,0,0,1,1
1,1,21,22,0,0,1,1
1,1,22,23,0,0,1,1
1,1,23,24,0,0,1,1
1,1,24,25,0,0,1,1
1,1,25,26,0,0,1,1
1,1,26,27,0,0,1,1
1,1,27,28,0,0,1,1
1,1,28,29,0,0,1,1
1,1,29,30,0,0,1,1
1,1,30,31,0,0,1,1
2,2,0,1,0,0,1,1
2,2,1,2,0,0,1,1
2,2,2,3,0,0,1,1
2,2,3,4,0,0,1,1
2,2,4,5,0,0,1,1
2,2,5,6,0,0,1,1
2,2,6,7,0,0,1,1
2,2,7,8,0,0,1,1
2,2,8,9,0,0,1,1
2,2,9,10,0,0,1,1
2,2,10,11,0,0,1,1
2,2,11,12,0,0,1,1
2,2,12,13,0,0,1,1
2,2,13,14,0,0,1,1
2,2,14,15,0,0,1,1
2,2,15,16,0,0,1,1
2,2,16,17,0,0,1,1
2,2,17,18,0,0,1,1
2,2,18,19,0,0,1,1
2,2,19,20,0,0,1,1
2,2,20,21,0,0,1,1
2,2,21,22,0,0,1,1
2,2,22,23,0,0,1,1
2,2,23,24,0,0,1,1
2,2,24,25,0,0,1,1
2,2,25,26,0,0,1,1
2,2,26,27,0,0,1,1
2,2,27,28,0,0,1,1
2,2,28,29,0,0,1,1
2,2,29,30,0,0,1,1
2,2,30,31,0,0,1,1
3,3,0,1,0,0,1,1
3,3,1,2,0,0,1,1
3,3,2,3,0,0,1,1
3,3,3,4,0,0,1,1
3,3,4,5,0,0,1,1
3,3,5,6,0,0,1,1
3,3,6,7,0,0,1,1
3,3,7,8,0,0,1,1
3,3,8,9,0,0,1,1
3,3,9,10,0,0,1,1
3,3,10,11,0,0,1,1
3,3,11,12,0,0,1,1
3,3,12,13,0,0,1,1
3,3,13,14,0,0,1,1
3,3,14,15,0,0,1,1
3,3,15,16,0,0,1,1
3,3,16,17,0,0,1,1
3,3,17,18,0,0,1,1
3,3,18,19,0,0,1,1
3,3,19,20,0,0,1,1
3,3,20,21,0,0,1,1
3,3,21,22,0,0,1,1
3,3,22,23,0,0,1,1
3,3,23,24,0,0,1,1
3,3,24,25,0,0,1,1
3,3,25,26,0,0,1,1
3,3,26,27,0,0,1,1
3,3,27,28,0,0,1,1
3,3,28,29,0,0,1,1
3,3,29,30,0,0,1,1
3,3,30,31,0,0,1,1
4,4,0,1,0,0,1,1
4,4,1,2,0,0,1,1
4,4,2,3,0,0,1,1
4,4,3,4,0,0,1,1
4,4,4,5,0,0,1,1
4,4,5,6,0,0,1,1
4,4,6,7,0,0,1,1
4,4,7,8,0,0,1,1
4,4,8,9,0,0,1,1
4,4,9,10,0,0,1,1
4,4,10,11,0,0,1,1
4,4,11,12,0,0,1,1
4,4,12,13,0,0,1,1
4,4,13,14,0,0,1,1
4,4,14,15,0,0,1,1
4,4,15,16,0,0,1,1
4,4,16,17,0,0,1,1
4,4,17,18,0,0,1,1
4,4,18,19,0,0,1,1
4,4,19,20,0,0,1,1
4,4,20,21,0,0,1,1
4,4,21,22,0,0,1,1
4,4,22,23,0,0,1,1
4,4,23,24,0,0,1,1
4,4,24,25,0,0,1,1
4,4,25,26,0,0,1,1
4,4,26,27,0,0,1,1
4,4,27,28,0,0,1,1
4,4,28,29,0,0,1,1
4,4,29,30,0,0,1,1
4,4,30,31,0,0,1,1
5,5,0,1,0,0,1,1
5,5,1,2,0,0,1,1
5,5,2,3,0,0,1,1
5,5,3,4,0,0,1,1
5,5,4,5,0,0,1,1
5,5,5,6,0,0,1,1
5,5,6,7,0,0,1,1
5,5,7,8,0,0,1,1
5,5,8,9,0,0,1,1
5,5,9,10,0,0,1,1
5,5,10,11,0,0,1,1
5,5,11,12,0,0,1,1
5,5,12,13,0,0,1,1
5,5,13,14,0,0,1,1
5,5,14,15,0,0,1,1
5,5,15,16,0,0,1,1
5,5,16,17,0,0,1,1
5,5,17,18,0,0,1,1
5,5,18,19,0,0,1,1
5,5,19,20,0,0,1,1
5,5,20,21,0,0,1,1
5,5,21,22,0,0,1,1
5,5,22,23,0,0,1,1
5,5,23,24,0,0,1,1
5,5,24,25,0,0,1,1
5,5,25,26,0,0,1,1
5,5,26,27,0,0,1,1
5,5,27,28,0,0,1,1
5,5,28,29,0,0,1,1
5,5,29,30,0,0,1,1
5,5,30,31,0,0,1,1
6,6,0,1,0,0,1,1
6,6,1,2,0,0,1,1
6,6,2,3,0,0,1,1
6,6,3,4,0,0,1,1
6,6,4,5,0,0,1,1
6,6,5,6,0,0,1,1
6,6,6,7,0,0,1,1
6,6,7,8,0,0,1,1
6,6,8,9,0,0,1,1
6,6,9,10,0,0,1,1
6,6,10,11,0,0,1,1
6,6,11,12,0,0,1,1
6,6,12,13,0,0,1,1
6,6,13,14,0,0,1,1
6,6,14,15,0,0,1,1
6,6,15,16,0,0,1,1
6,6,16,17,0,0,1,1
6,6,17,18,0,0,1,1
6,6,18,19,0,0,1,1
6,6,19,20,0,0,1,1
6,6,20,21,0,0,1,1
6,6,21,22,0,0,1,1
6,6,22,23,0,0,1,1
6,6,23,24,0,0,1,1
6,6,24,25,0,0,1,1
6,6,25,26,0,0,1,1
6,6,26,27,0,0,1,1
6,6,27,28,0,0,1,1
6,6,28,29,0,0,1,1
6,6,29,30,0,0,1,1
6,6,30,31,0,0,1,1
7,7,0,1,0,0,1,1
7,7,1,2,0,0,1,1
7,7,2,3,0,0,1,1
7,7,3,4,0,0,1,1
7,7,4,5,0,0,1,1
7,7,5,6,0,0,1,1
7,7,6,7,0,0,1,1
7,7,7,8,0,0,1,1
7,7,8,9,0,0,1,1
7,7,9,10,0,0,1,1
7,7,10,11,0,0,1,1
7,7,11,12,0,0,1,1
7,7,12,13,0,0,1,1
7,7,13,14,0,0,1,1
7,7,14,15,0,0,1,1
7,7,15,16,0,0,1,1
7,7,16,17,0,0,1,1
7,7,17,18,0,0,1,1
7,7,18,19,0,0,1,1
7,7,19,20,0,0,1,1
7,7,20,21,0,0,1,1
7,7,21,22,0,0,1,1
7,7,22,23,0,0,1,1
7,7,23,24,0,0,1,1
7,7,24,25,0,0,1,1
7,7,25,26,0,0,1,1
7,7,26,27,0,0,1,1
7,7,27,28,0,0,1,1
7,7,28,29,0,0,1,1
7,7,29,30,0,0,1,1
7,7,30,31,0,0,1,1
8,8,0,1,0,0,1,1
8,8,1,2,0,0,1,1
8,8,2,3,0,0,1,1
8,8,3,4,0,0,1,1
8,8,4,5,0,0,1,1
8,8,5,6,0,0,1,1
8,8,6,7,0,0,1,1
8,8,7,8,0,0,1,1
8,8,8,9,0,0,1,1
8,8,9,10,0,0,1,1
8,8,10,11,0,0,1,1
8,8,11,12,0,0,1,1
8,8,12,13,0,0,1,1
8,8,13,14,0,0,1,1
8,8,14,15,0,0,1,1
8,8,15,16,0,0,1,1
8,8,16,17,0,0,1,1
8,8,17,18,0,0,1,1
8,8,18,19,0,0,1,1
8,8,19,20,0,0,1,1
8,8,20,21,0,0,1,1
8,8,21,22,0,0,1,1
8,8,22,23,0,0,1,1
8,8,23,24,0,0,1,1
8,8,24,25,0,0,1,1
8,8,25,26,0,0,1,1
8,8,26,27,0,0,1,1
8,8,27,28,0,0,1,1
8,8,28,29,0,0,1,1
8,8,29,30,0,0,1,1
8,8,30,31,0,0,1,1
9,9,0,1,0,0,1,1
9,9,1,2,0,0,1,1
9,9,2,3,0,0,1,1
9,9,3,4,0,0,1,1
9,9,4,5,0,0,1,1
9,9,5,6,0,0,1,1
9,9,6,7,0,0,1,1
9,9,7,8,0,0,1,1
9,9,8,9,0,0,1,1
9,9,9,10,0,0,1,1
9,9,10,11,0,0,1,1
9,9,11,12,0,0,1,1
9,9,12,13,0,0,1,1
9,9,13,14,0,0,1,1
9,9,14,15,0,0,1,1
9,9,15,16,0,0,1,1
9,9,16,17,0,0,1,1
9,9,17,18,0,0,1,1
9,9,18,19,0,0,1,1
9,9,19,20,0,0,1,1
9,9,20,21,0,0,1,1
9,9,21,22,0,0,1,1
9,9,22,23,0,0,1,1
9,9,23,24,0,0,1,1
9,9,24,25,0,0,1,1
9,9,25,26,0,0,1,1
9,9,26,27,0,0,1,1
9,9,27,28,0,0,1,1
9,9,28,29,0,0,1,1
9,9,29,30,0,0,1,1
9,9,30,31,0,0,1,1
10,10,0,1,0,0,1,1
10,10,1,2,0,0,1,1
10,10,2,3,0,0,1,1
10,10,3,4,0,0,1,1
10,10,4,5,0,0,1,1
10,10,5,6,0,0,1,1
10,10,6,7,0,0,1,1
10,10,7,8,0,0,1,1
10,10,8,9,0,0,1,1
10,10,9,10,0,0,1,1
10,10,10,11,0,0,1,1
10,10,11,12,0,0,1,1
10,10,12,13,0,0,1,1
10,10,13,14,0,0,1,1
10,10,14,15,0,0,1,1
10,10,15,16,0,0,1,1
10,10,16,17,0,0,1,1
10,10,17,18,0,0,1,1
10,10,18,19,0,0,1,1
10,10,19,20,0,0,1,1
10,10,20,21,0,0,1,1
10,10,21,22,0,0,1,1
10,10,22,23,0,0,1,1
10,10,23,24,0,0,1,1
10,10,24,25,0,0,1,1
10,10,25,26,0,0,1,1
10,10,26,27,0,0,1,1
10,10,27,28,0,0,1,1
10,10,28,29,0,0,1,1
10,10,29,30,0,0,1,1
10,10,30,31,0,0,1,1
11,11,0,1,0,0,1,1
11,11,1,2,0,0,1,1
11,11,2,3,0,0,1,1
11,11,3,4,0,0,1,1
11,11,4,5,0,0,1,1
11,11,5,6,0,0,1,1
11,11,6,7,0,0,1,1
11,11,7,8,0,0,1,1
11,11,8,9,0,0,1,1
11,11,9,10,0,0,1,1
11,11,10,11,0,0,1,1
11,11,11,12,0,0,1,1
11,11,12,13,0,0,1,1
11,11,13,14,0,0,1,1
11,11,14,15,0,0,1,1
11,11,15,16,0,0,1,1
11,11,16,17,0,0,1,1
11,11,17,18,0,0,1,1
11,11,18,19,0,0,1,1
11,11,19,20,0,0,1,1
11,11,20,21,0,0,1,1
11,11,21,22,0,0,1,1
11,11,22,23,0,0,1,1
11,11,23,24,0,0,1,1
11,11,24,25,0,0,1,1
11,11,25,26,0,0,1,1
11,11,26,27,0,0,1,1
11,11,27,28,0,0,1,1
11,11,28,29,0,0,1,1
11,11,29,30,0,0,1,1
11,11,30,31,0,0,1,1
12,12,0,1,0,0,1,1
12,12,1,2,0,0,1,1
12,12,2,3,0,0,1,1
12,12,3,4,0,0,1,1
12,12,4,5,0,0,1,1
12,12,5,6,0,0,1,1
12,12,6,7,0,0,1,1
12,12,7,8,0,0,1,1
12,12,8,9,0,0,1,1
12,12,9,10,0,0,1,1
12,12,10,11,0,0,1,1
12,12,11,12,0,0,1,1
12,12,12,13,0,0,1,1
12,12,13,14,0,0,1,1
12,12,14,15,0,0,1,1
12,12,15,16,0,0,1,1
12,12,16,17,0,0,1,1
12,12,17,18,0,0,1,1
12,12,18,19,0,0,1,1
12,12,19,20,0,0,1,1
12,12,20,21,0,0,1,1
12,12,21,22,0,0,1,1
12,12,22,23,0,0,1,1
12,12,23,24,0,0,1,1
12,12,24,25,0,0,1,1
12,12,25,26,0,0,1,1
12,12,26,27,0,0,1,1
12,12,27,28,0,0,1,1
12,12,28,29,0,0,1,1
12,12,29,30,0,0,1,1
12,12,30,31,0,0,1,1
13,13,0,1,0,0,1,1
13,13,1,2,0,0,1,1
13,13,2,3,0,0,1,1
13,13,3,4,0,0,1,1
13,13,4,5,0,0,1,1
13,13,5,6,0,0,1,1
13,13,6,7,0,0,1,1
13,13,7,8,0,0,1,1
13,13,8,9,0,0,1,1
13,13,9,10,0,0,1,1
13,13,10,11,0,0,1,1
13,13,11,12,0,0,1,1
13,13,12,13,0,0,1,1
13,13,13,14,0,0,1,1
13,13,14,15,0,0,1,1
13,13,15,16,0,0,1,1
13,13,16,17,0,0,1,1
13,13,17,18,0,0,1,1
13,13,18,19,0,0,1,1
13,13,19,20,0,0,1,1
13,13,20,21,0,0,1,1
13,13,21,22,0,0,1,1
13,13,22,23,0,0,1,1
13,13,23,24,0,0,1,1
13,13,24,25,0,0,1,1
13,13,25,26,0,0,1,1
13,13,26,27,0,0,1,1
13,13,27,28,0,0,1,1
13,13,28,29,0,0,1,1
13,13,29,30,0,0,1,1
13,13,30,31,0,0,1,1
14,14,0,1,0,0,1,1
14,14,1,2,0,0,1,1
14,14,2,3,0,0,1,1
14,14,3,4,0,0,1,1
14,14,4,5,0,0,1,1
14,14,5,6,0,0,1,1
14,14,6,7,0,0,1,1
14,14,7,8,0,0,1,1
14,14,8,9,0,0,1,1
14,14,9,10,0,0,1,1
14,14,10,11,0,0,1,1
14,14,11,12,0,0,1,1
14,14,12,13,0,0,1,1
14,14,13,14,0,0,1,1
14,14,14,15,0,0,1,1
14,14,15,16,0,0,1,1
14,14,16,17,0,0,1,1
14,14,17,18,0,0,1,1
14,14,18,19,0,0,1,1
14,14,19,20,0,0,1,1
14,14,20,21,0,0,1,1
14,14,21,22,0,0,1,1
14,14,22,23,0,0,1,1
14,14,23,24,0,0,1,1
14,14,24,25,0,0,1,1
14,14,25,26,0,0,1,1
14,14,26,27,0,0,1,1
14,14,27,28,0,0,1,1
14,14,28,29,0,0,1,1
14,14,29,30,0,0,1,1
14,14,30,31,0,0,1,1
15,15,0,1,0,0,1,1
15,15,1,2,0,0,1,1
15,15,2,3,0,0,1,1
15,15,3,4,0,0,1,1
15,15,4,5,0,0,1,1
15,15,5,6,0,0,1,1
15,15,6,7,0,0,1,1
15,15,7,8,0,0,1,1
15,15,8,9,0,0,1,1
15,15,9,10,0,0,1,1
15,15,10,11,0,0,1,1
15,15,11,12,0,0,1,1
15,15,12,13,0,0,1,1
15,15,13,14,0,0,1,1
15,15,14,15,0,0,1,1
15,15,15,16,0,0,1,1
15,15,16,17,0,0,1,1
15,15,17,18,0,0,1,1
15,15,18,19,0,0,1,1
15,15,19,20,0,0,1,1
15,15,20,21,0,0,1,1
15,15,21,22,0,0,1,1
15,15,22,23,0,0,1,1
15,15,23,24,0,0,1,1
15,15,24,25,0,0,1,1
15,15,25,26,0,0,1,1
15,15,26,27,0,0,1,1
15,15,27,28,0,0,1,1
15,15,28,29,0,0,1,1
15,15,29,30,0,0,1,1
15,15,30,31,0,0,1,1
16,16,0,1,0,0,1,1
16,16,1,2,0,0,1,1
16,16,2,3,0,0,1,1
16,16,3,4,0,0,1,1
16,16,4,5,0,0,1,1
16,16,5,6,0,0,1,1
16,16,6,7,0,0,1,1
16,16,7,8,0,0,1,1
16,16,8,9,0,0,1,1
16,16,9,10,0,0,1,1
16,16,10,11,0,0,1,1
16,16,11,12,0,0,1,1
16,16,12,13,0,0,1,1
16,16,13,14,0,0,1,1
16,16,14,15,0,0,1,1
16,16,15,16,0,0,1,1
16,16,16,17,0,0,1,1
16,16,17,18,0,0,1,1
16,16,18,19,0,0,1,1
16,16,19,20,0,0,1,1
16,16,20,21,0,0,1,1
16,16,21,22,0,0,1,1
16,16,22,23,0,0,1,1
16,16,23,24,0,0,1,1
16,16,24,25,0,0,1,1
16,16,25,26,0,0,1,1
16,16,26,27,0,0,1,1
16,16,27,28,0,0,1,1
16,16,28,29,0,0,1,1
16,16,29,30,0,0,1,1
16,16,30,31,0,0,1,1
17,17,0,1,0,0,1,1
17,17,1,2,0,0,1,1
17,17,2,3,0,0,1,1
17,17,3,4,0,0,1,1
17,17,4,5,0,0,1,1
17,17,5,6,0,0,1,1
17,17,6,7,0,0,1,1
17,17,7,8,0,0,1,1
17,17,8,9,0,0,1,1
17,17,9,10,0,0,1,1
17,17,10,11,0,0,1,1
17,17,11,12,0,0,1,1
17,17,12,13,0,0,1,1
17,17,13,14,0,0,1,1
17,17,14,15,0,0,1,1
17,17,15,16,0,0,1,1
17,17,16,17,0,0,1,1
17,17,17,18,0,0,1,1
17,17,18,19,0,0,1,1
17,17,19,20,0,0,1,1
17,17,20,21,0,0,1,1
17,17,21,22,0,0,1,1
17,17,22,23,0,0,1,1
17,17,23,24,0,0,1,1
17,17,24,25,0,0,1,1
17,17,25,26,0,0,1,1
17,17,26,27,0,0,1,1
17,17,27,28,0,0,1,1
17,17,28,29,0,0,1,1
17,17,29,30,0,0,1,1
17,17,30,31,0,0,1,1
18,18,0,1,0,0,1,1
18,18,1,2,0,0,1,1
18,18,2,3,0,0,1,1
18,18,3,4,0,0,1,1
18,18,4,5,0,0,1,1
18,18,5,6,0,0,1,1
18,18,6,7,0,0,1,1
18,18,7,8,0,0,1,1
18,18,8,9,0,0,1,1
18,18,9,10,0,0,1,1
18,18,10,11,0,0,1,1
18,18,11,12,0,0,1,1
18,18,12,13,0,0,1,1
18,18,13,14,0,0,1,1
18,18,14,15,0,0,1,1
18,18,15,16,0,0,1,1
18,18,16,17,0,0,1,1
18,18,17,18,0,0,1,1
18,18,18,19,0,0,1,1
18,18,19,20,0,0,1,1
18,18,20,21,0,0,1,1
18,18,21,22,0,0,1,1
18,18,22,23,0,0,1,1
18,18,23,24,0,0,1,1
18,18,24,25,0,0,1,1
18,18,25,26,0,0,1,1
18,18,26,27,0,0,1,1
18,18,27,28,0,0,1,1
18,18,28,29,0,0,1,1
18,18,29,30,0,0,1,1
18,18,30,31,0,0,1,1
19,19,0,1,0,0,1,1
19,19,1,2,0,0,1,1
19,19,2,3,0,0,1,1
19,19,3,4,0,0,1,1
19,19,4,5,0,0,1,1
19,19,5,6,0,0,1,1
19,19,6,7,0,0,1,1
19,19,7,8,0,0,1,1
19,19,8,9,0,0,1,1
19,19,9,10,0,0,1,1
19,19,10,11,0,0,1,1
19,19,11,12,0,0,1,1
19,19,12,13,0,0,1,1
19,19,13,14,0,0,1,1
19,19,14,15,0,0,1,1
19,19,15,16,0,0,1,1
19,19,16,17,0,0,1,1
19,19,17,18,0,0,1,1
19,19,18,19,0,0,1,1
19,19,19,20,0,0,1,1
19,19,20,21,0,0,1,1
19,19,21,22,0,0,1,1
19,19,22,23,0,0,1,1
19,19,23,24,0,0,1,1
19,19,24,25,0,0,1,1
19,19,25,26,0,0,1,1
19,19,26,27,0,0,1,1
19,19,27,28,0,0,1,1
19,19,28,29,0,0,1,1
19,19,29,30,0,0,1,1
19,19,30,31,0,0,1,1
20,20,0,1,0,0,1,1
20,20,1,2,0,0,1,1
20,20,2,3,0,0,1,1
20,20,3,4,0,0,1,1
20,20,4,5,0,0,1,1
20,20,5,6,0,0,1,1
20,20,6,7,0,0,1,1
20,20,7,8,0,0,1,1
20,20,8,9,0,0,1,1
20,20,9,10,0,0,1,1
20,20,10,11,0,0,1,1
20,20,11,12,0,0,1,1
20,20,12,13,0,0,1,1
20,20,13,14,0,0,1,1
20,20,14,15,0,0,1,1
20,20,15,16,0,0,1,1
20,20,16,17,0,0,1,1
20,20,17,18,0,0,1,1
20,20,18,19,0,0,1,1
20,20,19,20,0,0,1,1
20,20,20,21,0,0,1,1
20,20,21,22,0,0,1,1
20,20,22,23,0,0,1,1
20,20,23,24,0,0,1,1
20,20,24,25,0,0,1,1
20,20,25,26,0,0,1,1
20,20,26,27,0,0,1,1
20,20,27,28,0,0,1,1
20,20,28,29,0,0,1,1
20,20,29,30,0,0,1,1
20,20,30,31,0,0,1,1
21,21,0,1,0,0,1,1
21,21,1,2,0,0,1,1
21,21,2,3,0,0,1,1
21,21,3,4,0,0,1,1
21,21,4,5,0,0,1,1
21,21,5,6,0,0,1,1
21,21,6,7,0,0,1,1
21,21,7,8,0,0,1,1
21,21,8,9,0,0,1,1
21,21,9,10,0,0,1,1
21,21,10,11,0,0,1,1
21,21,11,12,0,0,1,1
21,21,12,13,0,0,1,1
21,21,13,14,0,0,1,1
21,21,14,15,0,0,1,1
21,21,15,16,0,0,1,1
21,21,16,17,0,0,1,1
21,21,17,18,0,0,1,1
21,21,18,19,0,0,1,1
21,21,19,20,0,0,1,1
21,21,20,21,0,0,1,1
21,21,21,22,0,0,1,1
21,21,22,23,0,0,1,1
21,21,23,24,0,0,1,1
21,21,24,25,0,0,1,1
21,21,25,26,0,0,1,1
21,21,26,27,0,0,1,1
21,21,27,28,0,0,1,1
21,21,28,29,0,0,1,1
21,21,29,30,0,0,1,1
21,21,30,31,0,0,1,1
22,22,0,1,0,0,1,1
22,22,1,2,0,0,1,1
22,22,2,3,0,0,1,1
22,22,3,4,0,0,1,1
22,22,4,5,0,0,1,1
22,22,5,6,0,0,1,1
22,22,6,7,0,0,1,1
22,22,7,8,0,0,1,1
22,22,8,9,0,0,1,1
22,22,9,10,0,0,1,1
22,22,10,11,0,0,1,1
22,22,11,12,0,0,1,1
22,22,12,13,0,0,1,1
22,22,13,14,0,0,1,1
22,22,14,15,0,0,1,1
22,22,15,16,0,0,1,1
22,22,16,17,0,0,1,1
22,22,17,18,0,0,1,1
22,22,18,19,0,0,1,1
22,22,19,20,0,0,1,1
22,22,20,21,0,0,1,1
22,22,21,22,0,0,1,1
22,22,22,23,0,0,1,1
22,22,23,24,0,0,1,1
22,22,24,25,0,0,1,1
22,22,25,26,0,0,1,1
22,22,26,27,0,0,1,1
22,22,27,28,0,0,1,1
22,22,28,29,0,0,1,1
22,22,29,30,0,0,1,1
22,22,30,31,0,0,1,1
23,23,0,1,0,0,1,1
23,23,1,2,0,0,1,1
23,23,2,3,0,0,1,1
23,23,3,4,0,0,1,1
23,23,4,5,0,0,1,1
23,23,5,6,0,0,1,1
23,23,6,7,0,0,1,1
23,23,7,8,0,0,1,1
23,23,8,9,0,0,1,1
23,23,9,10,0,0,1,1
23,23,10,11,0,0,1,1
23,23,11,12,0,0,1,1
23,23,12,13,0,0,1,1
23,23,13,14,0,0,1,1
23,23,14,15,0,0,1,1
23,23,15,16,0,0,1,1
23,23,16,17,0,0,1,1
23,23,17,18,0,0,1,1
23,23,18,19,0,0,1,1
23,23,19,20,0,0,1,1
23,23,20,21,0,0,1,1
23,23,21,22,0,0,1,1
23,23,22,23,0,0,1,1
23,23,23,24,0,0,1,1
23,23,24,25,0,0,1,1
23,23,25,26,0,0,1,1
23,23,26,27,0,0,1,1
23,23,27,28,0,0,1,1
23,23,28,29,0,0,1,1
23,23,29,30,0,0,1,1
23,23,30,31,0,0,1,1
24,24,0,1,0,0,1,1
24,24,1,2,0,0,1,1
24,24,2,3,0,0,1,1
24,24,3,4,0,0,1,1
24,24,4,5,0,0,1,1
24,24,5,6,0,0,1,1
24,24,6,7,0,0,1,1
24,24,7,8,0,0,1,1
24,24,8,9,0,0,1,1
24,24,9,10,0,0,1,1
24,24,10,11,0,0,1,1
24,24,11,12,0,0,1,1
24,24,12,13,0,0,1,1
24,24,13,14,0,0,1,1
24,24,14,15,0,0,1,1
24,24,15,16,0,0,1,1
24,24,16,17,0,0,1,1
24,24,17,18,0,0,1,1
24,24,18,19,0,0,1,1
24,24,19,20,0,0,1,1
24,24,20,21,0,0,1,1
24,24,21,22,0,0,1,1
24,24,22,23,0,0,1,1
24,24,23,24,0,0,1,1
24,24,24,25,0,0,1,1
24,24,25,26,0,0,1,1
24,24,26,27,0,0,1,1
24,24,27,28,0,0,1,1
24,24,28,29,0,0,1,1
24,24,29,30,0,0,1,1
24,24,30,31,0,0,1,1
28,28,0,1,0,0,0,1
28,28,1,2,0,0,0,1
28,28,2,3,0,0,0,1
28,28,3,4,0,0,0,1
28,28,4,5,0,0,0,1
28,28,5,6,0,0,0,1
28,28,6,7,0,0,0,1
28,28,7,8,0,0,0,1
28,28,8,9,0,0,0,1
28,28,9,10,0,0,0,1
28,28,10,11,0,0,0,1
28,28,11,12,0,0,0,1
28,28,12,13,0,0,0,1
28,28,13,14,0,0,0,1
28,28,14,15,0,0,0,1
28,28,15,16,0,0,0,1
28,28,16,17,0,0,0,1
28,28,17,18,0,0,0,1
28,28,18,19,0,0,0,1
28,28,19,20,0,0,0,1
28,28,20,21,0,0,0,1
28,28,21,22,0,0,0,1
28,28,22,23,0,0,0,1
28,28,23,24,0,0,0,1
28,28,24,25,0,0,0,1
28,28,25,26,0,0,0,1
28,28,26,27,0,0,0,1
28,28,27,28,0,0,0,1
28,28,28,29,0,0,0,1
28,28,29,30,0,0,0,1
28,28,30,31,0,0,0,1
1,1,0,1,0,1,1,2
1,1,0,1,1,0,1,3
1,1,1,2,0,1,1,2
1,1,1,2,1,0,1,3
1,1,2,3,0,1,1,2
1,1,2,3,1,0,1,3
1,1,3,4,0,1,1,2
1,1,3,4,1,0,1,3
1,1,4,5,0,1,1,2
1,1,4,5,1,0,1,3
1,1,5,6,0,1,1,2
1,1,5,6,1,0,1,3
1,1,6,7,0,1,1,2
1,1,6,7,1,0,1,3
1,1,7,8,0,1,1,2
1,1,7,8,1,0,1,3
1,1,8,9,0,1,1,2
1,1,8,9,1,0,1,3
1,1,9,10,0,1,1,2
1,1,9,10,1,0,1,3
1,1,10,11,0,1,1,2
1,1,10,11,1,0,1,3
1,1,11,12,0,1,1,2
1,1,11,12,1,0,1,3
1,1,12,13,0,1,1,2
1,1,12,13,1,0,1,3
1,1,13,14,0,1,1,2
1,1,13,14,1,0,1,3
1,1,14,15,0,1,1,2
1,1,14,15,1,0,1,3
1,1,15,16,0,1,1,2
1,1,15,16,1,0,1,3
1,1,16,17,0,1,1,2
1,1,16,17,1,0,1,3
1,1,17,18,0,1,1,2
1,1,17,18,1,0,1,3
1,1,18,19,0,1,1,2
1,1,18,19,1,0,1,3
1,1,19,20,0,1,1,2
1,1,19,20,1,0,1,3
1,1,20,21,0,1,1,2
1,1,20,21,1,0,1,3
1,1,21,22,0,1,1,2
1,1,21,22,1,0,1,3
1,1,22,23,0,1,1,2
1,1,22,23,1,0,1,3
1,1,23,24,0,1,1,2
1,1,23,24,1,0,1,3
1,1,24,25,0,1,1,2
1,1,24,25,1,0,1,3
1,1,25,26,0,1,1,2
1,1,25,26,1,0,1,3
1,1,26,27,0,1,1,2
1,1,26,27,1,0,1,3
1,1,27,28,0,1,1,2
1,1,27,28,1,0,1,3
1,1,28,29,0,1,1,2
1,1,28,29,1,0,1,3
1,1,29,30,0,1,1,2
1,1,29,30,1,0,1,3
1,1,30,31,0,1,1,2
1,1,30,31,1,0,1,3
2,2,0,1,0,1,1,2
2,2,0,1,1,0,1,3
2,2,1,2,0,1,1,2
2,2,1,2,1,0,1,3
2,2,2,3,0,1,1,2
2,2,2,3,1,0,1,3
2,2,3,4,0,1,1,2
2,2,3,4,1,0,1,3
2,2,4,5,0,1,1,2
2,2,4,5,1,0,1,3
2,2,5,6,0,1,1,2
2,2,5,6,1,0,1,3
2,2,6,7,0,1,1,2
2,2,6,7,1,0,1,3
2,2,7,8,0,1,1,2
2,2,7,8,1,0,1,3
2,2,8,9,0,1,1,2
2,2,8,9,1,0,1,3
2,2,9,10,0,1,1,2
2,2,9,10,1,0,1,3
2,2,10,11,0,1,1,2
2,2,10,11,1,0,1,3
2,2,11,12,0,1,1,2
2,2,11,12,1,0,1,3
2,2,12,13,0,1,1,2
2,2,12,13,1,0,1,3
2,2,13,14,0,1,1,2
2,2,13,14,1,0,1,3
2,2,14,15,0,1,1,2
2,2,14,15,1,0,1,3
2,2,15,16,0,1,1,2
2,2,15,16,1,0,1,3
2,2,16,17,0,1,1,2
2,2,16,17,1,0,1,3
2,2,17,18,0,1,1,2
2,2,17,18,1,0,1,3
2,2,18,19,0,1,1,2
2,2,18,19,1,0,1,3
2,2,19,20,0,1,1,2
2,2,19,20,1,0,1,3
2,2,20,21,0,1,1,2
2,2,20,21,1,0,1,3
2,2,21,22,0,1,1,2
2,2,21,22,1,0,1,3
2,2,22,23,0,1,1,2
2,2,22,23,1,0,1,3
2,2,23,24,0,1,1,2
2,2,23,24,1,0,1,3
2,2,24,25,0,1,1,2
2,2,24,25,1,0,1,3
2,2,25,26,0,1,1,2
2,2,25,26,1,0,1,3
2,2,26,27,0,1,1,2
2,2,26,27,1,0,1,3
2,2,27,28,0,1,1,2
2,2,27,28,1,0,1,3
2,2,28,29,0,1,1,2
2,2,28,29,1,0,1,3
2,2,29,30,0,1,1,2
2,2,29,30,1,0,1,3
2,2,30,31,0,1,1,2
2,2,30,31,1,0,1,3
5,5,0,1,0,1,1,2
5,5,0,1,1,0,1,3
5,5,1,2,0,1,1,2
5,5,1,2,1,0,1,3
5,5,2,3,0,1,1,2
5,5,2,3,1,0,1,3
5,5,3,4,0,1,1,2
5,5,3,4,1,0,1,3
5,5,4,5,0,1,1,2
5,5,4,5,1,0,1,3
5,5,5,6,0,1,1,2
5,5,5,6,1,0,1,3
5,5,6,7,0,1,1,2
5,5,6,7,1,0,1,3
5,5,7,8,0,1,1,2
5,5,7,8,1,0,1,3
5,5,8,9,0,1,1,2
5,5,8,9,1,0,1,3
5,5,9,10,0,1,1,2
5,5,9,10,1,0,1,3
5,5,10,11,0,1,1,2
5,5,10,11,1,0,1,3
5,5,11,12,0,1,1,2
5,5,11,12,1,0,1,3
5,5,12,13,0,1,1,2
5,5,12,13,1,0,1,3
5,5,13,14,0,1,1,2
5,5,13,14,1,0,1,3
5,5,14,15,0,1,1,2
5,5,14,15,1,0,1,3
5,5,15,16,0,1,1,2
5,5,15,16,1,0,1,3
5,5,16,17,0,1,1,2
5,5,16,17,1,0,1,3
5,5,17,18,0,1,1,2
5,5,17,18,1,0,1,3
5,5,18,19,0,1,1,2
5,5,18,19,1,0,1,3
5,5,19,20,0,1,1,2
5,5,19,20,1,0,1,3
5,5,20,21,0,1,1,2
5,5,20,21,1,0,1,3
5,5,21,22,0,1,1,2
5,5,21,22,1,0,1,3
5,5,22,23,0,1,1,2
5,5,22,23,1,0,1,3
5,5,23,24,0,1,1,2
5,5,23,24,1,0,1,3
5,5,24,25,0,1,1,2
5,5,24,25,1,0,1,3
5,5,25,26,0,1,1,2
5,5,25,26,1,0,1,3
5,5,26,27,0,1,1,2
5,5,26,27,1,0,1,3
5,5,27,28,0,1,1,2
5,5,27,28,1,0,1,3
5,5,28,29,0,1,1,2
5,5,28,29,1,0,1,3
5,5,29,30,0,1,1,2
5,5,29,30,1,0,1,3
5,5,30,31,0,1,1,2
5,5,30,31,1,0,1,3
8,8,0,1,0,1,1,2
8,8,0,1,1,0,1,3
8,8,1,2,0,1,1,2
8,8,1,2,1,0,1,3
8,8,2,3,0,1,1,2
8,8,2,3,1,0,1,3
8,8,3,4,0,1,1,2
8,8,3,4,1,0,1,3
8,8,4,5,0,1,1,2
8,8,4,5,1,0,1,3
8,8,5,6,0,1,1,2
8,8,5,6,1,0,1,3
8,8,6,7,0,1,1,2
8,8,6,7,1,0,1,3
8,8,7,8,0,1,1,2
8,8,7,8,1,0,1,3
8,8,8,9,0,1,1,2
8,8,8,9,1,0,1,3
8,8,9,10,0,1,1,2
8,8,9,10,1,0,1,3
8,8,10,11,0,1,1,2
8,8,10,11,1,0,1,3
8,8,11,12,0,1,1,2
8,8,11,12,1,0,1,3
8,8,12,13,0,1,1,2
8,8,12,13,1,0,1,3
8,8,13,14,0,1,1,2
8,8,13,14,1,0,1,3
8,8,14,15,0,1,1,2
8,8,14,15,1,0,1,3
8,8,15,16,0,1,1,2
8,8,15,16,1,0,1,3
8,8,16,17,0,1,1,2
8,8,16,17,1,0,1,3
8,8,17,18,0,1,1,2
8,8,17,18,1,0,1,3
8,8,18,19,0,1,1,2
8,8,18,19,1,0,1,3
8,8,19,20,0,1,1,2
8,8,19,20,1,0,1,3
8,8,20,21,0,1,1,2
8,8,20,21,1,0,1,3
8,8,21,22,0,1,1,2
8,8,21,22,1,0,1,3
8,8,22,23,0,1,1,2
8,8,22,23,1,0,1,3
8,8,23,24,0,1,1,2
8,8,23,24,1,0,1,3
8,8,24,25,0,1,1,2
8,8,24,25,1,0,1,3
8,8,25,26,0,1,1,2
8,8,25,26,1,0,1,3
8,8,26,27,0,1,1,2
8,8,26,27,1,0,1,3
8,8,27,28,0,1,1,2
8,8,27,28,1,0,1,3
8,8,28,29,0,1,1,2
8,8,28,29,1,0,1,3
8,8,29,30,0,1,1,2
8,8,29,30,1,0,1,3
8,8,30,31,0,1,1,2
8,8,30,31,1,0,1,3
10,10,0,1,0,1,1,2
10,10,0,1,1,0,1,3
10,10,1,2,0,1,1,2
10,10,1,2,1,0,1,3
10,10,2,3,0,1,1,2
10,10,2,3,1,0,1,3
10,10,3,4,0,1,1,2
10,10,3,4,1,0,1,3
10,10,4,5,0,1,1,2
10,10,4,5,1,0,1,3
10,10,5,6,0,1,1,2
10,10,5,6,1,0,1,3
10,10,6,7,0,1,1,2
10,10,6,7,1,0,1,3
10,10,7,8,0,1,1,2
10,10,7,8,1,0,1,3
10,10,8,9,0,1,1,2
10,10,8,9,1,0,1,3
10,10,9,10,0,1,1,2
10,10,9,10,1,0,1,3
10,10,10,11,0,1,1,2
10,10,10,11,1,0,1,3
10,10,11,12,0,1,1,2
10,10,11,12,1,0,1,3
10,10,12,13,0,1,1,2
10,10,12,13,1,0,1,3
10,10,13,14,0,1,1,2
10,10,13,14,1,0,1,3
10,10,14,15,0,1,1,2
10,10,14,15,1,0,1,3
10,10,15,16,0,1,1,2
10,10,15,16,1,0,1,3
10,10,16,17,0,1,1,2
10,10,16,17,1,0,1,3
10,10,17,18,0,1,1,2
10,10,17,18,1,0,1,3
10,10,18,19,0,1,1,2
10,10,18,19,1,0,1,3
10,10,19,20,0,1,1,2
10,10,19,20,1,0,1,3
10,10,20,21,0,1,1,2
10,10,20,21,1,0,1,3
10,10,21,22,0,1,1,2
10,10,21,22,1,0,1,3
10,10,22,23,0,1,1,2
10,10,22,23,1,0,1,3
10,10,23,24,0,1,1,2
10,10,23,24,1,0,1,3
10,10,24,25,0,1,1,2
10,10,24,25,1,0,1,3
10,10,25,26,0,1,1,2
10,10,25,26,1,0,1,3
10,10,26,27,0,1,1,2
10,10,26,27,1,0,1,3
10,10,27,28,0,1,1,2
10,10,27,28,1,0,1,3
10,10,28,29,0,1,1,2
10,10,28,29,1,0,1,3
10,10,29,30,0,1,1,2
10,10,29,30,1,0,1,3
10,10,30,31,0,1,1,2
10,10,30,31,1,0,1,3
12,12,0,1,0,1,1,2
12,12,0,1,1,0,1,3
12,12,1,2,0,1,1,2
12,12,1,2,1,0,1,3
12,12,2,3,0,1,1,2
12,12,2,3,1,0,1,3
12,12,3,4,0,1,1,2
12,12,3,4,1,0,1,3
12,12,4,5,0,1,1,2
12,12,4,5,1,0,1,3
12,12,5,6,0,1,1,2
12,12,5,6,1,0,1,3
12,12,6,7,0,1,1,2
12,12,6,7,1,0,1,3
12,12,7,8,0,1,1,2
12,12,7,8,1,0,1,3
12,12,8,9,0,1,1,2
12,12,8,9,1,0,1,3
12,12,9,10,0,1,1,2
12,12,9,10,1,0,1,3
12,12,10,11,0,1,1,2
12,12,10,11,1,0,1,3
12,12,11,12,0,1,1,2
12,12,11,12,1,0,1,3
12,12,12,13,0,1,1,2
12,12,12,13,1,0,1,3
12,12,13,14,0,1,1,2
12,12,13,14,1,0,1,3
12,12,14,15,0,1,1,2
12,12,14,15,1,0,1,3
12,12,15,16,0,1,1,2
12,12,15,16,1,0,1,3
12,12,16,17,0,1,1,2
12,12,16,17,1,0,1,3
12,12,17,18,0,1,1,2
12,12,17,18,1,0,1,3
12,12,18,19,0,1,1,2
12,12,18,19,1,0,1,3
12,12,19,20,0,1,1,2
12,12,19,20,1,0,1,3
12,12,20,21,0,1,1,2
12,12,20,21,1,0,1,3
12,12,21,22,0,1,1,2
12,12,21,22,1,0,1,3
12,12,22,23,0,1,1,2
12,12,22,23,1,0,1,3
12,12,23,24,0,1,1,2
12,12,23,24,1,0,1,3
12,12,24,25,0,1,1,2
12,12,24,25,1,0,1,3
12,12,25,26,0,1,1,2
12,12,25,26,1,0,1,3
12,12,26,27,0,1,1,2
12,12,26,27,1,0,1,3
12,12,27,28,0,1,1,2
12,12,27,28,1,0,1,3
12,12,28,29,0,1,1,2
12,12,28,29,1,0,1,3
12,12,29,30,0,1,1,2
12,12,29,30,1,0,1,3
12,12,30,31,0,1,1,2
12,12,30,31,1,0,1,3
13,13,0,1,0,1,1,2
13,13,0,1,1,0,1,3
13,13,1,2,0,1,1,2
13,13,1,2,1,0,1,3
13,13,2,3,0,1,1,2
13,13,2,3,1,0,1,3
13,13,3,4,0,1,1,2
13,13,3,4,1,0,1,3
13,13,4,5,0,1,1,2
13,13,4,5,1,0,1,3
13,13,5,6,0,1,1,2
13,13,5,6,1,0,1,3
13,13,6,7,0,1,1,2
13,13,6,7,1,0,1,3
13,13,7,8,0,1,1,2
13,13,7,8,1,0,1,3
13,13,8,9,0,1,1,2
13,13,8,9,1,0,1,3
13,13,9,10,0,1,1,2
13,13,9,10,1,0,1,3
13,13,10,11,0,1,1,2
13,13,10,11,1,0,1,3
13,13,11,12,0,1,1,2
13,13,11,12,1,0,1,3
13,13,12,13,0,1,1,2
13,13,12,13,1,0,1,3
13,13,13,14,0,1,1,2
13,13,13,14,1,0,1,3
13,13,14,15,0,1,1,2
13,13,14,15,1,0,1,3
13,13,15,16,0,1,1,2
13,13,15,16,1,0,1,3
13,13,16,17,0,1,1,2
13,13,16,17,1,0,1,3
13,13,17,18,0,1,1,2
13,13,17,18,1,0,1,3
13,13,18,19,0,1,1,2
13,13,18,19,1,0,1,3
13,13,19,20,0,1,1,2
13,13,19,20,1,0,1,3
13,13,20,21,0,1,1,2
13,13,20,21,1,0,1,3
13,13,21,22,0,1,1,2
13,13,21,22,1,0,1,3
13,13,22,23,0,1,1,2
13,13,22,23,1,0,1,3
13,13,23,24,0,1,1,2
13,13,23,24,1,0,1,3
13,13,24,25,0,1,1,2
13,13,24,25,1,0,1,3
13,13,25,26,0,1,1,2
13,13,25,26,1,0,1,3
13,13,26,27,0,1,1,2
13,13,26,27,1,0,1,3
13,13,27,28,0,1,1,2
13,13,27,28,1,0,1,3
13,13,28,29,0,1,1,2
13,13,28,29,1,0,1,3
13,13,29,30,0,1,1,2
13,13,29,30,1,0,1,3
13,13,30,31,0,1,1,2
13,13,30,31,1,0,1,3
14,14,0,1,0,1,1,2
14,14,0,1,1,0,1,3
14,14,1,2,0,1,1,2
14,14,1,2,1,0,1,3
14,14,2,3,0,1,1,2
14,14,2,3,1,0,1,3
14,14,3,4,0,1,1,2
14,14,3,4,1,0,1,3
14,14,4,5,0,1,1,2
14,14,4,5,1,0,1,3
14,14,5,6,0,1,1,2
14,14,5,6,1,0,1,3
14,14,6,7,0,1,1,2
14,14,6,7,1,0,1,3
14,14,7,8,0,1,1,2
14,14,7,8,1,0,1,3
14,14,8,9,0,1,1,2
14,14,8,9,1,0,1,3
14,14,9,10,0,1,1,2
14,14,9,10,1,0,1,3
14,14,10,11,0,1,1,2
14,14,10,11,1,0,1,3
14,14,11,12,0,1,1,2
14,14,11,12,1,0,1,3
14,14,12,13,0,1,1,2
14,14,12,13,1,0,1,3
14,14,13,14,0,1,1,2
14,14,13,14,1,0,1,3
14,14,14,15,0,1,1,2
14,14,14,15,1,0,1,3
14,14,15,16,0,1,1,2
14,14,15,16,1,0,1,3
14,14,16,17,0,1,1,2
14,14,16,17,1,0,1,3
14,14,17,18,0,1,1,2
14,14,17,18,1,0,1,3
14,14,18,19,0,1,1,2
14,14,18,19,1,0,1,3
14,14,19,20,0,1,1,2
14,14,19,20,1,0,1,3
14,14,20,21,0,1,1,2
14,14,20,21,1,0,1,3
14,14,21,22,0,1,1,2
14,14,21,22,1,0,1,3
14,14,22,23,0,1,1,2
14,14,22,23,1,0,1,3
14,14,23,24,0,1,1,2
14,14,23,24,1,0,1,3
14,14,24,25,0,1,1,2
14,14,24,25,1,0,1,3
14,14,25,26,0,1,1,2
14,14,25,26,1,0,1,3
14,14,26,27,0,1,1,2
14,14,26,27,1,0,1,3
14,14,27,28,0,1,1,2
14,14,27,28,1,0,1,3
14,14,28,29,0,1,1,2
14,14,28,29,1,0,1,3
14,14,29,30,0,1,1,2
14,14,29,30,1,0,1,3
14,14,30,31,0,1,1,2
14,14,30,31,1,0,1,3
17,17,0,1,0,1,1,2
17,17,0,1,1,0,1,3
17,17,1,2,0,1,1,2
17,17,1,2,1,0,1,3
17,17,2,3,0,1,1,2
17,17,2,3,1,0,1,3
17,17,3,4,0,1,1,2
17,17,3,4,1,0,1,3
17,17,4,5,0,1,1,2
17,17,4,5,1,0,1,3
17,17,5,6,0,1,1,2
17,17,5,6,1,0,1,3
17,17,6,7,0,1,1,2
17,17,6,7,1,0,1,3
17,17,7,8,0,1,1,2
17,17,7,8,1,0,1,3
17,17,8,9,0,1,1,2
17,17,8,9,1,0,1,3
17,17,9,10,0,1,1,2
17,17,9,10,1,0,1,3
17,17,10,11,0,1,1,2
17,17,10,11,1,0,1,3
17,17,11,12,0,1,1,2
17,17,11,12,1,0,1,3
17,17,12,13,0,1,1,2
17,17,12,13,1,0,1,3
17,17,13,14,0,1,1,2
17,17,13,14,1,0,1,3
17,17,14,15,0,1,1,2
17,17,14,15,1,0,1,3
17,17,15,16,0,1,1,2
17,17,15,16,1,0,1,3
17,17,16,17,0,1,1,2
17,17,16,17,1,0,1,3
17,17,17,18,0,1,1,2
17,17,17,18,1,0,1,3
17,17,18,19,0,1,1,2
17,17,18,19,1,0,1,3
17,17,19,20,0,1,1,2
17,17,19,20,1,0,1,3
17,17,20,21,0,1,1,2
17,17,20,21,1,0,1,3
17,17,21,22,0,1,1,2
17,17,21,22,1,0,1,3
17,17,22,23,0,1,1,2
17,17,22,23,1,0,1,3
17,17,23,24,0,1,1,2
17,17,23,24,1,0,1,3
17,17,24,25,0,1,1,2
17,17,24,25,1,0,1,3
17,17,25,26,0,1,1,2
17,17,25,26,1,0,1,3
17,17,26,27,0,1,1,2
17,17,26,27,1,0,1,3
17,17,27,28,0,1,1,2
17,17,27,28,1,0,1,3
17,17,28,29,0,1,1,2
17,17,28,29,1,0,1,3
17,17,29,30,0,1,1,2
17,17,29,30,1,0,1,3
17,17,30,31,0,1,1,2
17,17,30,31,1,0,1,3
18,18,0,1,0,1,1,2
18,18,0,1,1,0,1,3
18,18,1,2,0,1,1,2
18,18,1,2,1,0,1,3
18,18,2,3,0,1,1,2
18,18,2,3,1,0,1,3
18,18,3,4,0,1,1,2
18,18,3,4,1,0,1,3
18,18,4,5,0,1,1,2
18,18,4,5,1,0,1,3
18,18,5,6,0,1,1,2
18,18,5,6,1,0,1,3
18,18,6,7,0,1,1,2
18,18,6,7,1,0,1,3
18,18,7,8,0,1,1,2
18,18,7,8,1,0,1,3
18,18,8,9,0,1,1,2
18,18,8,9,1,0,1,3
18,18,9,10,0,1,1,2
18,18,9,10,1,0,1,3
18,18,10,11,0,1,1,2
18,18,10,11,1,0,1,3
18,18,11,12,0,1,1,2
18,18,11,12,1,0,1,3
18,18,12,13,0,1,1,2
18,18,12,13,1,0,1,3
18,18,13,14,0,1,1,2
18,18,13,14,1,0,1,3
18,18,14,15,0,1,1,2
18,18,14,15,1,0,1,3
18,18,15,16,0,1,1,2
18,18,15,16,1,0,1,3
18,18,16,17,0,1,1,2
18,18,16,17,1,0,1,3
18,18,17,18,0,1,1,2
18,18,17,18,1,0,1,3
18,18,18,19,0,1,1,2
18,18,18,19,1,0,1,3
18,18,19,20,0,1,1,2
18,18,19,20,1,0,1,3
18,18,20,21,0,1,1,2
18,18,20,21,1,0,1,3
18,18,21,22,0,1,1,2
18,18,21,22,1,0,1,3
18,18,22,23,0,1,1,2
18,18,22,23,1,0,1,3
18,18,23,24,0,1,1,2
18,18,23,24,1,0,1,3
18,18,24,25,0,1,1,2
18,18,24,25,1,0,1,3
18,18,25,26,0,1,1,2
18,18,25,26,1,0,1,3
18,18,26,27,0,1,1,2
18,18,26,27,1,0,1,3
18,18,27,28,0,1,1,2
18,18,27,28,1,0,1,3
18,18,28,29,0,1,1,2
18,18,28,29,1,0,1,3
18,18,29,30,0,1,1,2
18,18,29,30,1,0,1,3
18,18,30,31,0,1,1,2
18,18,30,31,1,0,1,3
20,20,0,1,0,1,1,2
20,20,0,1,1,0,1,3
20,20,1,2,0,1,1,2
20,20,1,2,1,0,1,3
20,20,2,3,0,1,1,2
20,20,2,3,1,0,1,3
20,20,3,4,0,1,1,2
20,20,3,4,1,0,1,3
20,20,4,5,0,1,1,2
20,20,4,5,1,0,1,3
20,20,5,6,0,1,1,2
20,20,5,6,1,0,1,3
20,20,6,7,0,1,1,2
20,20,6,7,1,0,1,3
20,20,7,8,0,1,1,2
20,20,7,8,1,0,1,3
20,20,8,9,0,1,1,2
20,20,8,9,1,0,1,3
20,20,9,10,0,1,1,2
20,20,9,10,1,0,1,3
20,20,10,11,0,1,1,2
20,20,10,11,1,0,1,3
20,20,11,12,0,1,1,2
20,20,11,12,1,0,1,3
20,20,12,13,0,1,1,2
20,20,12,13,1,0,1,3
20,20,13,14,0,1,1,2
20,20,13,14,1,0,1,3
20,20,14,15,0,1,1,2
20,20,14,15,1,0,1,3
20,20,15,16,0,1,1,2
20,20,15,16,1,0,1,3
20,20,16,17,0,1,1,2
20,20,16,17,1,0,1,3
20,20,17,18,0,1,1,2
20,20,17,18,1,0,1,3
20,20,18,19,0,1,1,2
20,20,18,19,1,0,1,3
20,20,19,20,0,1,1,2
20,20,19,20,1,0,1,3
20,20,20,21,0,1,1,2
20,20,20,21,1,0,1,3
20,20,21,22,0,1,1,2
20,20,21,22,1,0,1,3
20,20,22,23,0,1,1,2
20,20,22,23,1,0,1,3
20,20,23,24,0,1,1,2
20,20,23,24,1,0,1,3
20,20,24,25,0,1,1,2
20,20,24,25,1,0,1,3
20,20,25,26,0,1,1,2
20,20,25,26,1,0,1,3
20,20,26,27,0,1,1,2
20,20,26,27,1,0,1,3
20,20,27,28,0,1,1,2
20,20,27,28,1,0,1,3
20,20,28,29,0,1,1,2
20,20,28,29,1,0,1,3
20,20,29,30,0,1,1,2
20,20,29,30,1,0,1,3
20,20,30,31,0,1,1,2
20,20,30,31,1,0,1,3
22,22,0,1,0,1,1,2
22,22,0,1,1,0,1,3
22,22,1,2,0,1,1,2
22,22,1,2,1,0,1,3
22,22,2,3,0,1,1,2
22,22,2,3,1,0,1,3
22,22,3,4,0,1,1,2
22,22,3,4,1,0,1,3
22,22,4,5,0,1,1,2
22,22,4,5,1,0,1,3
22,22,5,6,0,1,1,2
22,22,5,6,1,0,1,3
22,22,6,7,0,1,1,2
22,22,6,7,1,0,1,3
22,22,7,8,0,1,1,2
22,22,7,8,1,0,1,3
22,22,8,9,0,1,1,2
22,22,8,9,1,0,1,3
22,22,9,10,0,1,1,2
22,22,9,10,1,0,1,3
22,22,10,11,0,1,1,2
22,22,10,11,1,0,1,3
22,22,11,12,0,1,1,2
22,22,11,12,1,0,1,3
22,22,12,13,0,1,1,2
22,22,12,13,1,0,1,3
22,22,13,14,0,1,1,2
22,22,13,14,1,0,1,3
22,22,14,15,0,1,1,2
22,22,14,15,1,0,1,3
22,22,15,16,0,1,1,2
22,22,15,16,1,0,1,3
22,22,16,17,0,1,1,2
22,22,16,17,1,0,1,3
22,22,17,18,0,1,1,2
22,22,17,18,1,0,1,3
22,22,18,19,0,1,1,2
22,22,18,19,1,0,1,3
22,22,19,20,0,1,1,2
22,22,19,20,1,0,1,3
22,22,20,21,0,1,1,2
22,22,20,21,1,0,1,3
22,22,21,22,0,1,1,2
22,22,21,22,1,0,1,3
22,22,22,23,0,1,1,2
22,22,22,23,1,0,1,3
22,22,23,24,0,1,1,2
22,22,23,24,1,0,1,3
22,22,24,25,0,1,1,2
22,22,24,25,1,0,1,3
22,22,25,26,0,1,1,2
22,22,25,26,1,0,1,3
22,22,26,27,0,1,1,2
22,22,26,27,1,0,1,3
22,22,27,28,0,1,1,2
22,22,27,28,1,0,1,3
22,22,28,29,0,1,1,2
22,22,28,29,1,0,1,3
22,22,29,30,0,1,1,2
22,22,29,30,1,0,1,3
22,22,30,31,0,1,1,2
22,22,30,31,1,0,1,3
4,25,0,1,0,0,1,4
4,25,1,2,0,0,1,4
4,25,2,3,0,0,1,4
4,25,3,4,0,0,1,4
4,25,4,5,0,0,1,4
4,25,5,6,0,0,1,4
4,25,6,7,0,0,1,4
4,25,7,8,0,0,1,4
4,25,8,9,0,0,1,4
4,25,9,10,0,0,1,4
4,25,10,11,0,0,1,4
4,25,11,12,0,0,1,4
4,25,12,13,0,0,1,4
4,25,13,14,0,0,1,4
4,25,14,15,0,0,1,4
1,28,0,1,0,0,1,4
1,28,1,2,0,0,1,4
1,28,2,3,0,0,1,4
1,28,3,4,0,0,1,4
1,28,4,5,0,0,1,4
1,28,5,6,0,0,1,4
1,28,6,7,0,0,1,4
1,28,7,8,0,0,1,4
1,28,8,9,0,0,1,4
1,28,9,10,0,0,1,4
1,28,10,11,0,0,1,4
1,28,11,12,0,0,1,4
1,28,12,13,0,0,1,4
1,28,13,14,0,0,1,4
1,28,14,15,0,0,1,4
1,28,15,16,0,0,1,4
1,28,16,17,0,0,1,4
1,28,17,18,0,0,1,4
1,28,18,19,0,0,1,4
1,28,19,20,0,0,1,4
1,28,20,21,0,0,1,4
1,28,21,22,0,0,1,4
1,28,22,23,0,0,1,4
1,28,23,24,0,0,1,4
1,28,24,25,0,0,1,4
1,28,25,26,0,0,1,4
1,28,26,27,0,0,1,4
1,28,27,28,0,0,1,4
1,28,28,29,0,0,1,4
1,28,29,30,0,0,1,4
1,28,30,31,0,0,1,4
25,4,0,1,0,0,1,4
25,4,1,2,0,0,1,4
25,4,2,3,0,0,1,4
25,4,3,4,0,0,1,4
25,4,4,5,0,0,1,4
25,4,5,6,0,0,1,4
25,4,6,7,0,0,1,4
25,4,7,8,0,0,1,4
25,4,8,9,0,0,1,4
25,4,9,10,0,0,1,4
25,4,10,11,0,0,1,4
25,4,11,12,0,0,1,4
25,4,12,13,0,0,1,4
25,4,13,14,0,0,1,4
25,4,14,15,0,0,1,4
25,4,15,16,0,0,1,4
25,4,16,17,0,0,1,4
25,4,17,18,0,0,1,4
25,4,18,19,0,0,1,4
25,4,19,20,0,0,1,4
25,4,20,21,0,0,1,4
25,4,21,22,0,0,1,4
25,4,22,23,0,0,1,4
25,4,23,24,0,0,1,4
25,4,24,25,0,0,1,4
25,4,25,26,0,0,1,4
25,4,26,27,0,0,1,4
25,4,27,28,0,0,1,4
25,4,28,29,0,0,1,4
25,4,29,30,0,0,1,4
25,4,30,31,0,0,1,4
12,26,0,1,0,0,1,4
12,26,1,2,0,0,1,4
12,26,2,3,0,0,1,4
12,26,3,4,0,0,1,4
12,26,4,5,0,0,1,4
12,26,5,6,0,0,1,4
12,26,6,7,0,0,1,4
12,26,7,8,0,0,1,4
12,26,8,9,0,0,1,4
12,26,9,10,0,0,1,4
12,26,10,11,0,0,1,4
12,26,11,12,0,0,1,4
12,26,12,13,0,0,1,4
12,26,13,14,0,0,1,4
12,26,14,15,0,0,1,4
12,26,15,16,0,0,1,4
27,14,0,1,0,0,1,4
27,14,1,2,0,0,1,4
27,14,2,3,0,0,1,4
27,14,3,4,0,0,1,4
27,14,4,5,0,0,1,4
27,14,5,6,0,0,1,4
27,14,6,7,0,0,1,4
27,14,7,8,0,0,1,4
27,14,8,9,0,0,1,4
27,14,9,10,0,0,1,4
27,14,10,11,0,0,1,4
27,14,11,12,0,0,1,4
27,14,12,13,0,0,1,4
27,14,13,14,0,0,1,4
27,14,14,15,0,0,1,4
27,14,15,16,0,0,1,4
27,14,16,17,0,0,1,4
27,14,17,18,0,0,1,4
27,14,18,19,0,0,1,4
27,14,19,20,0,0,1,4
27,14,20,21,0,0,1,4
27,14,21,22,0,0,1,4
27,14,22,23,0,0,1,4
27,14,23,24,0,0,1,4
27,14,24,25,0,0,1,4
27,14,25,26,0,0,1,4
27,14,26,27,0,0,1,4
27,14,27,28,0,0,1,4
27,14,28,29,0,0,1,4
27,14,29,30,0,0,1,4
27,14,30,31,0,0,1,4
0,1,0,1,0,0,1,4
0,1,1,2,0,0,1,4
0,1,2,3,0,0,1,4
0,1,3,4,0,0,1,4
0,1,4,5,0,0,1,4
0,1,5,6,0,0,1,4
0,1,6,7,0,0,1,4
0,1,7,8,0,0,1,4
0,1,8,9,0,0,1,4
0,1,9,10,0,0,1,4
0,1,10,11,0,0,1,4
0,1,11,12,0,0,1,4
0,1,12,13,0,0,1,4
0,1,13,14,0,0,1,4
0,1,14,15,0,0,1,4
0,1,15,16,0,0,1,4
0,1,16,17,0,0,1,4
0,1,17,18,0,0,1,4
0,1,18,19,0,0,1,4
0,1,19,20,0,0,1,4
0,1,20,21,0,0,1,4
0,1,21,22,0,0,1,4
0,1,22,23,0,0,1,4
0,1,23,24,0,0,1,4
0,1,24,25,0,0,1,4
0,1,25,26,0,0,1,4
0,1,26,27,0,0,1,4
0,1,27,28,0,0,1,4
0,1,28,29,0,0,1,4
0,1,29,30,0,0,1,4
0,1,30,31,0,0,1,4
14,27,0,1,0,0,1,4
14,27,1,2,0,0,1,4
14,27,2,3,0,0,1,4
14,27,3,4,0,0,1,4
14,27,4,5,0,0,1,4
14,27,5,6,0,0,1,4
14,27,6,7,0,0,1,4
14,27,7,8,0,0,1,4
14,27,8,9,0,0,1,4
14,27,9,10,0,0,1,4
14,27,10,11,0,0,1,4
14,27,11,12,0,0,1,4
14,27,12,13,0,0,1,4
14,27,13,14,0,0,1,4
14,27,14,15,0,0,1,4
0,28,0,1,0,0,1,4
0,28,1,2,0,0,1,4
0,28,2,3,0,0,1,4
0,28,3,4,0,0,1,4
0,28,4,5,0,0,1,4
0,28,5,6,0,0,1,4
0,28,6,7,0,0,1,4
0,28,7,8,0,0,1,4
0,28,8,9,0,0,1,4
0,28,9,10,0,0,1,4
0,28,10,11,0,0,1,4
0,28,11,12,0,0,1,4
0,28,12,13,0,0,1,4
0,28,13,14,0,0,1,4
0,28,14,15,0,0,1,4
0,28,15,16,0,0,1,4
0,28,16,17,0,0,1,4
0,28,17,18,0,0,1,4
0,28,18,19,0,0,1,4
0,28,19,20,0,0,1,4
0,28,20,21,0,0,1,4
0,28,21,22,0,0,1,4
0,28,22,23,0,0,1,4
0,28,23,24,0,0,1,4
0,28,24,25,0,0,1,4
0,28,25,26,0,0,1,4
0,28,26,27,0,0,1,4
0,28,27,28,0,0,1,4
0,28,28,29,0,0,1,4
0,28,29,30,0,0,1,4
0,28,30,31,0,0,1,4
26,12,0,1,0,0,1,4
26,12,1,2,0,0,1,4
26,12,2,3,0,0,1,4
26,12,3,4,0,0,1,4
26,12,4,5,0,0,1,4
26,12,5,6,0,0,1,4
26,12,6,7,0,0,1,4
26,12,7,8,0,0,1,4
26,12,8,9,0,0,1,4
26,12,9,10,0,0,1,4
26,12,10,11,0,0,1,4
26,12,11,12,0,0,1,4
26,12,12,13,0,0,1,4
26,12,13,14,0,0,1,4
26,12,14,15,0,0,1,4
26,12,15,16,0,0,1,4
26,12,16,17,0,0,1,4
26,12,17,18,0,0,1,4
26,12,18,19,0,0,1,4
26,12,19,20,0,0,1,4
26,12,20,21,0,0,1,4
26,12,21,22,0,0,1,4
26,12,22,23,0,0,1,4
26,12,23,24,0,0,1,4
26,12,24,25,0,0,1,4
26,12,25,26,0,0,1,4
26,12,26,27,0,0,1,4
26,12,27,28,0,0,1,4
26,12,28,29,0,0,1,4
26,12,29,30,0,0,1,4
26,12,30,31,0,0,1,4
